-20.2118 -26.2576 120.376
34.0797 -26.6111 122.965
88.5516 -26.872 125.564
143.026 -27.2909 128.162
197.913 -27.778 130.779
252.727 -28.2194 133.393
307.898 -28.5641 136.025
362.83 -28.8398 138.646
418.176 -29.6076 141.283
-20.2793 28.6181 120.683
34.1289 28.271 123.278
88.529 27.8097 125.873
143.365 27.394 128.488
198.04 26.8466 131.095
252.975 26.4997 133.715
307.841 26.2922 136.333
363.128 25.8542 138.969
418.081 25.7486 141.592
-20.2302 83.0877 120.994
34.023 82.6447 123.581
88.4586 82.2373 126.177
143.197 81.8314 128.788
197.982 81.4164 131.401
252.851 81.2386 134.019
308.06 80.9355 136.653
362.978 80.8592 139.274
418.353 80.432 141.915
-20.2402 137.438 121.301
33.8797 137.116 123.882
88.4414 137.048 126.487
143.188 136.563 129.097
197.808 136.37 131.703
252.941 135.804 134.332
307.881 136.034 136.956
363.324 135.669 139.6
418.452 135.69 142.232
-20.411 192.138 121.602
33.93 192.001 124.196
88.3571 191.635 126.792
142.979 191.569 129.399
198.013 191.213 132.024
252.95 191.034 134.645
308.135 190.501 137.276
363.508 190.801 139.921
418.773 190.702 142.559
-20.3596 246.899 121.915
33.9111 246.713 124.504
88.2154 246.477 127.095
143.02 246.289 129.71
197.968 246.308 132.333
253.046 245.866 134.96
308.386 246.094 137.603
363.6 245.98 140.238
418.892 246.066 142.878
45.8088 77.1859 54.4266
71.2862 32.6559 43.264
96.7847 -12.5802 32.275
122.549 -57.313 20.9047
148.318 -102.731 9.71863
174.038 -147.81 -1.51672
200.012 -193.462 -12.8278
226.039 -238.753 -24.2854
252.05 -284.51 -35.6014
71.326 95.5692 26.037
96.1079 51.4919 15.3876
121.294 7.77182 4.27039
146.526 -36.361 -6.77576
171.7 -80.3111 -17.819
196.851 -124.889 -28.6698
222.332 -168.769 -40.0135
247.689 -213.361 -51.049
273.256 -257.909 -62.2878
95.782 112.379 -0.950806
120.337 69.8593 -11.8175
144.73 27.1131 -22.475
169.401 -16.1128 -33.2555
193.943 -59.4424 -43.8895
218.876 -102.42 -54.9775
243.658 -145.63 -65.8639
268.546 -189.004 -76.8033
293.414 -232.321 -87.7391
119.27 128.877 -26.9668
143.235 87.2356 -37.5343
167.234 45.5702 -48.1249
191.157 3.2236 -58.4612
215.572 -38.9529 -69.2939
239.77 -81.1026 -79.9358
264.213 -123.448 -90.7477
288.532 -165.854 -101.43
312.932 -208.142 -112.219
141.908 144.842 -52.0592
165.212 103.978 -62.233
188.63 62.8894 -72.4507
212.457 21.8311 -83.0499
236.071 -19.4616 -93.3907
259.884 -60.6192 -103.951
283.542 -102.156 -114.266
307.483 -143.289 -124.949
331.347 -184.887 -135.436
163.293 159.507 -75.6488
186.202 119.771 -85.7693
209.543 79.8547 -96.2365
232.635 39.5726 -106.375
255.716 -0.520416 -116.555
279.133 -41.5453 -126.789
302.285 -81.7077 -137.016
325.67 -122.218 -147.361
349.062 -162.646 -157.735
157.641 54.1651 82.8567
190.8 48.5339 42.6532
224.287 42.8555 2.04449
257.704 37.3045 -38.6104
291.477 31.4437 -79.4164
325.249 25.9084 -120.587
359.191 20.1878 -161.788
393.163 14.4614 -203.024
427.074 8.87042 -244.327
144.126 90.3054 61.2425
176.653 84.6982 21.899
209.255 79.3168 -17.8026
242.07 73.8543 -57.7111
274.787 68.3284 -97.4118
307.925 62.7466 -137.641
340.777 57.463 -177.802
373.881 51.8486 -217.946
407.073 46.4964 -258.508
131.242 124.845 40.5391
162.952 119.461 2.09222
194.871 114.193 -36.7775
227.038 108.68 -75.7204
259.115 103.357 -114.751
291.276 98.0163 -153.879
323.504 92.8355 -193.281
355.696 87.5875 -232.557
388.084 82.1868 -271.937
118.959 157.794 20.7797
150.027 152.574 -16.95
180.98 147.592 -54.7868
212.519 142.276 -93.0694
243.687 137.233 -131.138
275.293 131.772 -169.353
306.722 126.747 -207.809
338.283 121.639 -246.357
369.906 116.551 -285.015
107.184 189.437 1.77374
137.297 184.552 -34.9913
168.047 179.136 -72.0562
198.49 174.35 -109.396
229.292 169.175 -146.805
259.911 164.275 -184.264
290.921 159.049 -221.906
321.677 154.113 -259.518
352.504 149.168 -297.218
95.9744 219.475 -16.2236
125.545 214.829 -52.4975
155.383 209.858 -88.7813
185.334 204.83 -125.16
215.238 200.102 -161.809
245.427 195.175 -198.636
275.741 190.126 -235.499
305.864 185.13 -272.155
335.955 180.403 -309.068
578.354 -20.6915 44.8764
575.921 -1.69403 -4.88654
573.541 17.4841 -55.2955
570.938 36.7487 -105.444
568.34 56.0466 -155.7
565.936 75.2496 -206.129
563.342 94.6651 -256.737
560.772 113.919 -306.933
558.251 133.331 -357.697
542.489 6.71985 47.6883
539.787 25.6508 -1.25873
537.357 44.1628 -49.6133
535.06 62.8887 -98.896
532.556 81.587 -147.622
530.183 100.352 -196.845
527.772 119.091 -245.904
525.251 137.965 -295.104
522.584 156.929 -344.227
508.136 33.0477 50.1697
505.811 51.1997 2.62402
503.343 69.4588 -44.9048
501.026 87.5546 -92.3065
498.618 105.912 -140.26
496.16 124.198 -187.889
493.89 142.456 -235.874
491.472 160.778 -283.699
488.987 179.239 -331.779
475.715 57.8151 52.7465
473.315 75.6099 6.41394
471.039 93.3351 -40.0025
468.574 111.203 -86.3965
466.326 128.928 -132.875
464.056 146.694 -179.426
461.794 164.512 -226.143
459.591 182.339 -273.023
456.956 200.502 -319.887
444.87 81.4312 55.0431
442.414 98.8237 10.0118
440.256 116.096 -35.3569
438.151 133.293 -80.6243
435.692 150.807 -126.002
433.463 168.118 -171.32
431.145 185.625 -217.002
428.754 203.17 -262.628
426.479 220.666 -308.378
415.516 103.906 57.2272
413.101 121 12.9731
410.95 137.739 -30.8548
408.775 154.664 -75.1701
406.56 171.59 -119.399
404.242 188.633 -163.728
402.129 205.553 -208.173
399.773 222.726 -252.794
397.407 239.919 -297.452
706.928 150.638 -297.72
659.849 169.903 -312.712
611.872 189.429 -327.267
564.249 208.87 -342.116
516.74 228.24 -356.761
469.348 247.584 -371.513
421.507 267.081 -386.208
373.99 286.473 -400.979
326.397 305.859 -415.532
686.031 152.279 -257.398
638.98 171.44 -271.748
592.733 190.325 -286.208
546.407 209.214 -300.501
500.019 228.155 -314.986
453.565 247.098 -329.327
407.255 265.978 -343.598
360.458 285.044 -357.928
314.196 303.912 -372.232
664.966 154.257 -218.947
619.845 172.672 -232.988
574.738 191.082 -247.024
529.412 209.537 -260.823
483.883 228.123 -275.018
438.713 246.538 -288.933
393.233 265.093 -303.036
347.951 283.563 -317.048
302.47 302.089 -330.949
645.953 155.768 -182.382
601.371 173.89 -195.755
557.152 191.953 -209.62
512.828 210.008 -223.174
468.892 227.943 -236.861
424.538 246.042 -250.638
380.276 264.042 -263.971
335.644 282.26 -277.868
291.403 300.297 -291.501
626.958 157.476 -147.2
583.981 175.028 -160.647
540.639 192.68 -173.88
497.575 210.243 -187.193
454.188 227.903 -200.363
411.3 245.398 -213.644
367.545 263.209 -226.945
324.27 280.856 -240.302
280.83 298.579 -253.779
609.292 158.989 -113.966
567.099 176.179 -126.882
525.075 193.305 -139.786
482.658 210.587 -152.778
440.409 227.804 -165.746
397.91 245.087 -178.542
355.748 262.279 -191.554
313.194 279.608 -204.531
270.857 296.883 -217.678
534.401 239.652 -644.541
482.614 242.575 -640.462
437.21 245.142 -610.476
391.765 247.712 -579.871
346.979 250.245 -549.844
300.917 252.849 -519.279
256.171 255.379 -489.871
211.385 257.912 -459.845
165.941 260.481 -429.239
543.243 239.156 -627.798
499.116 241.651 -598.35
454.33 244.184 -568.324
410.242 246.677 -539.495
366.074 249.174 -509.428
321.987 251.667 -480.599
277.9 254.16 -451.77
234.39 256.62 -422.282
190.263 259.115 -392.834
557.313 238.369 -586.467
514.502 240.79 -558.176
470.455 243.281 -529.966
427.564 245.706 -500.438
384.793 248.124 -472.766
341.942 250.547 -443.857
299.091 252.971 -414.947
255.662 255.426 -386.697
213.47 257.812 -358.366
570.307 237.643 -547.692
528.155 240.026 -519.981
486.581 242.377 -491.609
443.85 244.793 -464.557
402.276 247.144 -436.186
360.742 249.493 -408.434
319.207 251.841 -380.682
277.055 254.225 -352.97
235.561 256.571 -325.837
583.383 236.912 -510.156
541.889 239.258 -483.023
501.053 241.567 -456.469
460.177 243.878 -429.295
419.302 246.19 -402.122
378.466 248.499 -375.568
337.59 250.81 -348.394
296.714 253.121 -321.221
255.879 255.43 -294.667
595.423 236.238 -475.796
554.588 238.547 -449.242
514.988 240.786 -422.607
475.389 243.026 -395.972
435.172 245.3 -369.377
394.994 247.572 -343.402
355.395 249.811 -316.767
315.218 252.082 -290.791
275.619 254.322 -264.156
705.428 142.651 258.277
707.934 160.595 207.483
710.406 178.57 156.954
712.907 196.682 105.951
715.318 214.922 55.582
717.783 233.017 4.93999
720.249 250.891 -45.3721
722.654 269.043 -95.5518
725.127 286.795 -145.74
698.612 178.459 266.094
700.995 196.282 216.627
703.456 213.781 166.933
705.845 231.473 117.609
708.278 249.105 67.9781
710.634 266.817 18.9313
713.077 284.177 -30.3858
715.461 301.592 -79.2352
717.828 319.073 -128.023
692.09 212.971 273.19
694.461 230.015 225.037
696.8 247.191 176.966
699.228 264.192 128.347
701.511 281.62 80.4141
703.906 298.709 31.9666
706.204 315.95 -15.8193
708.548 332.88 -63.5578
710.932 349.663 -111.43
685.88 245.447 280.539
688.153 262.43 233.385
690.47 279.12 186.272
692.777 295.889 139.127
695.153 312.476 91.6333
697.422 329.152 44.9768
699.739 345.803 -2.07056
702.015 362.491 -48.8032
704.315 379.095 -95.6312
679.962 276.564 287.293
682.182 293.055 241.377
684.489 309.234 195.141
686.772 325.594 148.85
689.007 341.988 102.957
691.268 358.408 56.7739
693.526 374.445 11.2128
695.761 390.779 -34.5983
697.981 407.142 -80.3069
674.34 306.281 293.458
676.5 322.521 248.485
678.714 338.488 203.445
680.943 354.254 158.567
683.169 370.129 113.548
685.38 386.129 68.4766
687.575 402.107 23.5818
689.776 417.846 -20.9878
691.97 433.848 -65.9106
374.105 -93.7172 452.01
375.046 -42.2531 438.818
376.175 8.96977 425.241
377.197 60.4732 411.853
378.2 111.905 398.523
379.123 163.389 385.368
380.15 214.948 371.957
381.166 266.731 358.521
382.254 318.477 344.927
357.478 -81.5401 487.965
358.489 -31.3767 474.887
359.42 18.9142 461.97
360.507 68.9767 448.738
361.379 119.438 435.92
362.423 169.697 422.747
363.32 220.107 409.882
364.23 270.719 396.944
365.304 321.157 383.662
341.571 -70.2692 522.443
342.568 -20.8861 509.566
343.537 27.9571 496.869
344.38 77.4217 484.331
345.374 126.464 471.534
346.235 175.974 458.945
347.301 225.102 445.961
348.18 274.443 433.367
349.162 324.058 420.476
326.197 -58.9864 555.683
327.25 -11.351 543.048
328.087 37.189 530.722
329.085 85.2321 518.13
329.909 133.425 505.909
330.954 181.634 493.171
331.738 229.916 481.024
332.749 278.246 468.34
333.608 326.846 455.949
311.687 -48.692 587.129
312.47 -1.36531 575.188
313.502 45.6231 562.742
314.365 92.8533 550.637
315.316 139.95 538.354
316.093 187.373 526.407
317.055 234.443 514.106
317.857 281.868 502.099
318.783 329.229 489.82
297.657 -38.0667 617.392
298.529 7.67143 605.585
299.314 54.1403 593.822
300.153 100.481 581.962
301.089 146.38 569.972
301.908 192.703 558.163
302.839 238.767 546.147
303.665 285.116 534.317
304.651 331.573 522.091
625.835 -198.412 -98.8969
657.01 -163.827 -75.7902
688.911 -128.695 -52.3425
720.485 -93.8182 -29.0552
752.388 -58.6117 -5.55078
784.179 -23.3335 18.02
816.055 12.2057 41.7809
848.109 47.7513 65.528
880.358 83.327 89.2775
590.837 -175.807 -77.9966
621.406 -141.746 -55.2264
652.115 -107.615 -32.4167
683.314 -73.2768 -9.5011
714.112 -39.0037 13.4072
745.296 -4.41785 36.5137
776.388 30.405 59.8104
807.706 65.0912 82.9792
839.021 99.7297 106.112
557.499 -154.104 -57.9583
587.451 -120.794 -35.6959
617.441 -87.3995 -13.3729
647.492 -53.8083 9.09363
677.842 -19.9464 31.7354
708.186 13.7824 54.2761
738.522 47.5538 76.8502
768.882 81.6094 99.6387
799.567 115.795 122.492
525.221 -133.401 -38.7935
554.858 -100.806 -17.0432
584.297 -68.0085 4.8822
613.51 -34.9346 27.0421
642.994 -2.04004 49.0369
672.867 31.0331 71.1272
702.36 64.3599 93.4506
732.181 97.606 115.678
761.879 130.983 138.018
494.841 -113.531 -20.4622
523.243 -81.6799 0.849976
552.195 -49.3263 22.4879
581.047 -17.2587 43.9183
609.969 15.1892 65.6313
638.738 47.7505 87.4469
667.752 80.1852 109.14
696.81 112.719 130.904
725.916 145.615 152.94
465.559 -94.5383 -2.91516
493.615 -63.1677 18.067
521.637 -31.6921 39.1329
549.857 0.0231934 60.3608
578.096 31.8338 81.6595
606.294 63.6148 102.94
634.661 95.4 124.206
662.857 127.442 145.686
691.151 159.574 167.223
491.894 -306.688 104.158
504.244 -271.219 140.835
516.685 -235.405 177.876
529.161 -199.802 214.674
541.742 -163.902 251.779
554.417 -127.945 288.927
567.078 -91.6918 326.407
579.722 -55.4208 363.91
592.39 -18.9107 401.674
447.823 -301.621 119.624
460.005 -266.769 155.654
472.075 -232.085 191.52
484.215 -197.137 227.666
496.408 -162.05 263.953
508.848 -126.823 300.342
520.977 -91.4376 336.976
533.283 -56.022 373.603
545.492 -20.4903 410.382
406.088 -296.566 134.556
417.863 -262.665 169.619
429.74 -228.562 204.884
441.427 -194.447 240.203
453.323 -160.206 275.617
464.995 -125.838 311.221
477.221 -91.2264 346.973
488.869 -56.697 382.763
501.019 -21.9244 418.711
366.065 -291.945 148.624
377.634 -258.756 182.941
389.033 -225.61 217.247
400.606 -191.989 252.043
412.175 -158.477 286.72
423.657 -124.834 321.56
435.209 -91.095 356.493
446.91 -57.2975 391.457
458.446 -23.3449 426.63
327.948 -287.281 162.314
339.187 -254.821 195.893
350.351 -222.366 229.485
361.462 -189.768 263.247
372.865 -156.79 297.366
383.9 -124.041 331.313
395.458 -90.9351 365.54
406.481 -57.7861 399.934
417.718 -24.5355 434.394
291.448 -282.977 175.242
302.39 -251.37 207.941
313.113 -219.432 241.055
324.098 -187.297 274.33
335.094 -155.144 307.624
345.97 -122.927 341.015
356.877 -90.6753 374.437
367.771 -58.3467 407.948
378.871 -25.8372 441.614
181.785 -479.481 1645.53
231.844 -398.482 1648.38
278.891 -321.561 1651.06
324.441 -248.324 1653.65
367.263 -178.613 1656.09
408.982 -111.48 1658.46
448.603 -47.5497 1660.71
486.164 14.2498 1662.86
523.29 73.033 1664.96
130.048 -398.75 1643.52
181.693 -318.682 1646.44
230.703 -243.732 1649.2
277.302 -171.249 1651.84
322.67 -101.778 1654.4
365.085 -35.7529 1656.79
406.346 27.0041 1659.12
445.697 87.6502 1661.34
483.116 145.548 1663.46
76.8696 -316.336 1641.45
129.945 -238.164 1644.42
180.972 -163.786 1647.28
230.012 -91.6339 1650.03
276.105 -24.456 1652.61
321.057 41.2051 1655.13
362.891 103.319 1657.48
404.024 163.43 1659.78
443.245 221.381 1661.98
21.0798 -232.671 1639.26
77.4194 -155.52 1642.39
130.219 -81.3008 1645.33
180.753 -10.9125 1648.14
228.95 56.821 1650.82
274.813 120.789 1653.37
319.258 182.149 1655.84
360.997 240.761 1658.16
401.99 297.278 1660.44
-34.9294 -145.36 1637.08
22.5911 -70.0662 1640.25
77.895 2.75348 1643.3
130.31 72.2372 1646.2
180.284 138.122 1648.96
227.994 201.755 1651.59
273.863 262.166 1654.13
317.298 320.264 1656.53
359.543 375.684 1658.86
-93.2517 -56.7847 1634.8
-33.89 18.0749 1638.05
23.9615 90.1905 1641.22
78.3195 158.374 1644.2
130.373 222.79 1647.05
179.999 285.472 1649.78
227.076 344.168 1652.36
272.698 401.58 1654.86
315.353 455.241 1657.2
939.069 216.59 1295.72
1002.75 206.865 1240.06
1064.07 197.689 1186.42
1122.46 189.012 1135.33
1178.24 180.975 1086.44
1232.13 172.973 1039.28
1283.36 165.808 994.329
1332.65 158.299 951.245
1379.89 151.367 909.88
925.62 320.261 1279.71
990.005 308.456 1223.98
1051 296.713 1171.33
1109.32 285.786 1120.92
1166.01 275.359 1071.85
1219.12 265.672 1025.87
1270.48 256.458 981.35
1319.75 247.963 938.559
1366.99 238.88 897.781
913.496 422.65 1262.84
977.58 407.655 1208.25
1038.37 395.395 1155.94
1096.83 381.598 1106.17
1152.63 369.147 1058.48
1206.45 357.657 1012.33
1257.75 346.155 968.504
1307.27 335.738 926.006
1354.28 325.222 885.825
901.026 523.206 1246.78
964.689 507.217 1192.85
1025.05 492.207 1141.68
1084.14 476.038 1091.99
1140.55 462.219 1044.11
1193.57 448.789 999.224
1245.55 435.267 955.326
1294.9 422.444 913.637
1342.14 411.247 873.437
888.983 623.26 1230.47
952.754 604.34 1177.24
1013.4 588.157 1126.13
1071.7 570.339 1077.61
1127.52 554.122 1030.93
1181.71 537.965 985.725
1232.5 524.957 942.769
1282.5 508.807 901.393
1329.52 496.425 861.723
877.402 721.072 1214.35
940.505 701.317 1161.96
1000.97 681.568 1111.99
1059.55 662.313 1063.61
1115.42 645 1017.18
1168.81 628.29 972.852
1220.62 611.728 929.936
1269.77 595.757 889.29
1317.51 580.48 849.755
1328.19 669.109 868.396
1338.19 724.817 791.814
1347.74 779.209 717.339
1357.21 831.945 644.85
1365.99 883.842 574.255
1374.69 934.416 505.266
1383.26 983.692 437.924
1391.61 1031.81 372.177
1399.31 1078.92 308.485
1257.22 730.616 898.905
1267.44 786.03 822.358
1278.28 839.226 747.423
1288.23 891.593 674.662
1298.26 942.587 603.335
1308.18 992.138 533.787
1317.47 1040.86 466.048
1326.47 1088.2 400.263
1335.57 1134.49 335.528
1185.17 792.715 930.284
1196.72 846.922 853.216
1208.34 899.247 778.154
1219.74 951.088 703.964
1230.25 1001.4 632.726
1240.86 1050.54 562.67
1251.1 1098.1 494.902
1261.52 1145.04 427.583
1270.8 1190.33 363.711
1113.45 854.614 961.415
1126.06 907.787 884.013
1138.63 960.047 807.708
1150.57 1010.57 734.229
1162.36 1060.26 661.888
1173.72 1108.52 591.772
1184.88 1155.68 523.166
1195.61 1201.77 456.367
1206.25 1246.51 391.2
1041.43 917.041 992.374
1055.35 969.178 914.298
1068.66 1020.16 838.384
1081.22 1070.74 763.983
1094.11 1119.27 691.392
1106.64 1166.8 620.462
1118.41 1213.57 551.431
1130.16 1258.51 484.488
1140.94 1303.32 419.051
970.107 978.679 1023.24
984.162 1030.92 944.864
998.161 1081.53 868.404
1012.07 1130.54 793.862
1025.67 1178.92 720.458
1038.87 1225.64 649.493
1051.59 1271.67 579.963
1064.08 1316.21 512.427
1076.11 1359.96 446.43
1670.42 1039.2 273.322
1622.46 1094.98 221.317
1574.15 1150.81 170.014
1525.91 1206.84 117.964
1477.49 1262.96 66.015
1428.49 1319.7 13.6445
1379.67 1376.34 -38.8751
1330.81 1432.99 -91.2967
1282.05 1489.69 -144.108
1617.78 1056.58 344.063
1569.31 1112.52 292.788
1521.11 1168.57 240.552
1472.33 1224.86 188.962
1423.9 1281.14 136.627
1374.79 1337.82 84.6672
1325.86 1394.74 31.5883
1276.74 1451.46 -20.4515
1227.3 1508.59 -72.9554
1564.02 1074.58 415.543
1515.97 1130.43 363.567
1467.46 1186.5 312.023
1418.96 1242.72 259.999
1370.4 1298.94 208.135
1321.14 1355.88 155.74
1272.11 1412.73 103.136
1222.84 1469.78 50.4564
1173.91 1526.55 -2.20038
1510.8 1092.24 486.82
1462.1 1148.38 435.503
1413.8 1204.59 383.043
1364.96 1260.9 331.555
1315.96 1317.62 279.215
1267.2 1374.09 227.078
1217.62 1431.38 174.407
1168.58 1488.09 122.214
1118.52 1545.85 69.3129
1457.38 1110.05 558.108
1408.67 1166.26 506.571
1360.19 1222.3 455.07
1310.73 1279.27 403.053
1261.84 1335.73 351.234
1212.69 1392.65 298.675
1163.06 1449.93 246.179
1113.73 1506.81 194.134
1063.75 1564.49 141.283
1403.32 1128.3 629.549
1354.6 1184.43 578.303
1305.78 1240.85 526.464
1256.65 1297.35 475.063
1207.4 1354.16 423.073
1157.97 1411.27 370.589
1108.61 1468.38 317.968
1058.7 1525.7 265.981
1008.68 1583.55 212.711
1093.67 1632.77 -257.695
1022.95 1656.21 -242.824
950.414 1680.27 -227.661
875.812 1704.93 -211.544
799.664 1730.17 -195.537
721.118 1756.17 -178.782
641.115 1782.68 -161.976
558.542 1809.99 -144.193
474.296 1837.9 -126.416
1110.3 1614.55 -174.778
1039.97 1637.66 -158.645
967.303 1661.61 -142.449
893.206 1685.97 -125.503
816.961 1711.06 -108.276
739.112 1736.69 -90.7055
658.487 1763.28 -72.8268
576.674 1790.17 -54.1388
492.295 1817.86 -34.4588
1127.65 1596.01 -91.4604
1056.73 1619.21 -74.5243
984.667 1642.75 -57.0189
910.415 1667.13 -39.8126
834.409 1691.9 -20.9936
757.105 1717.1 -1.87033
676.813 1743.5 16.508
594.699 1770.23 37.0723
510.254 1797.89 57.0058
1144.34 1577.69 -8.02603
1074.37 1600.47 9.42679
1001.89 1623.99 28.1443
927.95 1647.97 47.2157
852.203 1672.59 66.5032
774.648 1697.85 85.7953
694.882 1723.64 106.982
612.814 1750.37 127.47
529.386 1777.41 149.151
1160.96 1559.37 75.5789
1091.05 1581.93 94.4422
1019.16 1605.14 113.76
944.806 1629.16 133.578
869.621 1653.34 154.464
791.943 1678.4 175.44
713.078 1703.89 196.42
630.184 1730.65 218.68
546.894 1757.4 242.013
1177.63 1541.08 158.852
1108.13 1563.3 178.953
1036.14 1586.3 199.94
962.801 1609.85 220.518
886.996 1634.13 242.244
809.985 1658.7 264.938
730.223 1684.31 287.273
648.878 1710.36 310.613
564.739 1737.36 334.314
159.107 1779.57 -627.813
126.333 1781.43 -581.349
92.3591 1783.36 -533.877
56.9517 1785.36 -484.056
20.377 1787.44 -433.124
-18.1695 1789.62 -378.683
-58.4158 1791.9 -322.269
-100.346 1794.28 -263.759
-144.689 1796.79 -201.973
218.71 1776.22 -567.411
188.118 1777.96 -521.311
155.706 1779.79 -472.792
121.27 1781.75 -423.281
85.9652 1783.75 -369.908
49.6019 1785.81 -315.181
11.0224 1788 -258.388
-28.8413 1790.26 -198.199
-70.5106 1792.62 -135.384
277.676 1772.9 -509.347
248.031 1774.59 -462.229
217.06 1776.34 -413.306
184.918 1778.16 -361.772
151.476 1780.06 -308.442
116.105 1782.07 -252.974
79.9055 1784.12 -195.061
41.2017 1786.31 -134.037
1.56557 1788.56 -70.259
335.801 1769.63 -452.234
307.819 1771.22 -404.82
277.993 1772.91 -354.195
247.448 1774.65 -302.799
215.644 1776.45 -248.636
182.307 1778.34 -191.918
147.53 1780.31 -133.598
110.627 1782.41 -70.718
72.5401 1784.57 -6.44993
392.994 1766.42 -395.44
366.146 1767.94 -346.674
338.062 1769.53 -296.121
308.832 1771.19 -243.27
278.587 1772.91 -188.904
246.96 1774.7 -131.76
213.8 1776.59 -71.1656
179.264 1778.55 -9.06846
142.939 1780.61 55.9231
449.668 1763.23 -339.854
423.711 1764.7 -290.087
396.928 1766.22 -239.182
369.331 1767.79 -185.496
340.459 1769.43 -130.163
310.107 1771.15 -71.7687
278.388 1772.95 -12.003
245.778 1774.8 52.2271
211.586 1776.74 118.588
1320.03 -1026.47 1110.47
1297.86 -962.534 1161.54
1277.43 -901.559 1210.17
1257.66 -844.156 1256.01
1239.41 -789.833 1299.34
1221.67 -737.969 1340.75
1205.12 -688.778 1379.99
1189.35 -641.892 1417.39
1173.78 -596.799 1453.4
1230.27 -1078.28 1080.36
1211.34 -1013.56 1131.69
1194 -952.2 1180.3
1176.37 -894.788 1225.92
1160.32 -839.815 1269.51
1145.29 -787.464 1311
1130.24 -738.034 1350.27
1116.65 -690.224 1388.15
1103.34 -645.313 1423.78
1144.17 -1127.17 1052.1
1128.08 -1062.47 1103.12
1112.58 -1001.41 1151.3
1098.16 -943.453 1197
1084.21 -888.351 1240.47
1070.96 -835.57 1282.11
1058.35 -785.025 1321.97
1046.22 -737.959 1359.12
1034.63 -692.006 1395.37
1061.05 -1174.99 1024.34
1047.38 -1109.73 1075.53
1034.54 -1048.79 1123.34
1022.13 -990.408 1169.16
1010.79 -934.574 1212.91
999.391 -881.87 1254.3
988.455 -831.614 1293.76
978.171 -783.464 1331.55
967.879 -737.553 1367.63
981.269 -1220.42 998.055
969.596 -1156.04 1048.36
958.783 -1094.49 1096.42
948.693 -1036.38 1141.79
938.459 -980.435 1185.52
929.546 -926.983 1227.21
920.424 -876.386 1266.74
911.72 -827.804 1304.7
903.534 -781.468 1340.89
904.283 -1265.07 972.067
894.883 -1200 1022.67
885.957 -1138.64 1070.38
877.422 -1080.14 1115.88
870.008 -1024.15 1159.35
862.297 -970.665 1200.94
855.051 -919.612 1240.63
847.702 -871.147 1278.35
841 -824.591 1314.55
1185.87 -1234.94 1209.84
1124.77 -1200.5 1261.76
1067.33 -1167.64 1311.11
1012.07 -1136.15 1358.45
959.415 -1106.48 1403.18
908.904 -1077.75 1446.39
861.271 -1050.38 1487.45
815.251 -1023.89 1527.17
771.304 -999.142 1564.49
1115.03 -1296.09 1157.66
1056.13 -1260.19 1210.72
1000.95 -1226.41 1260.59
947.59 -1193.86 1308.68
897.489 -1162.93 1354.24
848.657 -1133.43 1397.94
802.927 -1104.98 1439.76
758.383 -1077.74 1479.99
716.109 -1051.86 1518.2
1045.26 -1355.6 1107.07
988.925 -1319.06 1160.25
935.64 -1283.91 1211.23
884.711 -1250.72 1259.49
836.19 -1218.27 1306.39
789.85 -1187.9 1350.5
744.976 -1158.49 1393.2
702.387 -1130.38 1433.96
661.51 -1103.48 1472.98
976.99 -1414.25 1057.09
923.276 -1376.45 1111.1
871.873 -1340.6 1162.43
822.933 -1305.8 1212.04
776.107 -1273.36 1258.55
731.195 -1241.32 1304.19
688.586 -1211.14 1347.26
647.084 -1182.26 1388.61
607.454 -1154.43 1428.4
910.068 -1471.97 1007.86
858.487 -1432.99 1062.71
808.727 -1395.96 1114.97
761.983 -1360.68 1164.62
716.784 -1326.65 1212.54
673.736 -1294.28 1258.13
632.276 -1263.11 1302.04
592.835 -1233.2 1344.1
554.687 -1204.79 1384.19
844.405 -1528.53 959.628
794.167 -1488.77 1015.04
747.452 -1450.65 1067.84
701.728 -1414.48 1118.26
658.607 -1379.89 1166.34
617.716 -1346.03 1213.1
577.422 -1314.55 1257.09
538.985 -1283.56 1300.12
502.082 -1254.23 1340.96
-28.4056 -4.37521 498.726
25.6932 -35.8338 501.131
77.0708 -66.0329 503.412
126.113 -94.5544 505.592
173.024 -122.025 507.676
217.597 -148.088 509.656
260.083 -173.08 511.543
301.385 -196.995 513.379
340.541 -220.163 515.117
-0.744659 68.0265 500.457
51.9402 35.3361 502.786
101.984 3.61246 504.996
149.727 -25.9155 507.108
195.408 -54.557 509.126
238.823 -81.5754 511.046
280.324 -107.449 512.88
320.561 -132.653 514.658
358.636 -156.606 516.34
26.7402 138.259 502.166
77.4919 104.222 504.396
126.554 71.6789 506.554
173.024 40.5768 508.596
217.163 11.2607 510.537
259.754 -17.1047 512.41
300.163 -44.0793 514.186
339.272 -70.1161 515.906
376.712 -94.8969 517.552
52.8327 206.482 503.798
102.476 171.32 505.969
150.089 137.429 508.049
195.664 105.272 510.043
238.465 74.8257 511.914
280.028 45.7874 513.733
319.4 17.6752 515.454
357.348 -9.19443 517.113
393.932 -35.0832 518.713
78.5362 272.653 505.399
126.975 236.379 507.506
172.903 201.52 509.501
217.127 168.643 511.426
259.1 136.947 513.25
299.692 106.671 515.017
338.34 77.9746 516.699
375.212 50.1783 518.302
410.999 23.3548 519.858
103.402 336.459 506.947
150.479 299.436 508.985
195.289 263.861 510.923
238.293 229.902 512.783
279.603 197.66 514.573
318.713 166.177 516.261
356.655 136.314 517.904
392.858 107.956 519.471
427.377 80.4446 520.963
377.396 226.538 358.722
414.734 207.078 328.182
450.096 188.897 298.979
483.978 171.409 271.075
515.702 155.308 244.64
546.635 139.069 219.472
575.721 124.172 195.388
603.733 109.715 172.315
630.277 95.9995 150.471
351.278 280.918 334.311
388.791 260.303 304.825
424.067 241.12 276.867
458.051 222.609 249.968
490.061 205.23 224.567
520.641 188.696 200.224
549.778 172.863 177.119
577.873 157.599 154.836
604.482 143.224 133.642
326.639 332.699 310.745
363.826 311.376 282.508
399.119 291.356 255.467
432.777 272.235 229.711
464.689 254.139 205.252
495.601 236.469 181.72
524.85 219.791 159.406
552.941 203.789 137.958
579.661 188.619 117.5
302.493 383.135 287.997
339.55 360.969 260.889
375.072 339.667 234.966
408.557 319.758 210.336
440.898 300.418 186.674
471.294 282.558 164.078
500.818 265.072 142.286
528.783 248.368 121.804
555.845 232.317 101.855
279.638 431.401 265.873
316.491 408.424 239.963
351.667 386.794 214.893
385.435 365.777 191.11
417.384 345.96 168.533
448.094 327.119 146.598
477.496 308.937 125.759
505.56 291.656 105.786
532.668 275.037 86.4081
257.515 477.723 244.904
294.232 454.262 219.73
329.237 431.687 195.96
362.918 410.116 172.921
394.768 389.816 151.026
425.464 370.209 129.97
454.962 351.376 109.727
483.152 333.376 90.3832
510.174 316.143 71.8188
799.168 192.306 370.397
804.102 209.572 308.694
809.004 225.956 249.633
813.459 241.802 193.172
818.022 256.84 138.819
822.041 271.473 86.8986
826.334 285.201 36.9851
830.386 298.488 -11.0867
833.856 311.561 -57.1927
743.233 234.895 375.253
749.407 251.022 314.012
755.443 266.358 255.389
760.933 281.222 199.406
766.411 295.403 145.439
771.559 309.02 93.8764
776.78 321.883 44.3448
781.679 334.469 -3.63904
786.259 346.502 -49.275
688.431 276.611 380.04
695.841 291.54 319.439
702.752 306.016 261.31
709.386 319.908 205.519
715.884 333.07 152.168
722.161 345.725 100.81
728.224 357.811 51.5987
734.091 369.509 3.97498
739.688 380.777 -41.7779
634.52 317.641 384.771
643.205 331.504 324.337
650.986 345.041 266.937
659.035 357.671 211.562
666.588 369.845 158.663
673.61 381.791 107.65
680.67 393.055 58.5349
687.315 403.92 11.5427
693.784 414.489 -34.1793
581.882 357.81 389.082
591.502 370.683 329.375
600.486 383.133 272.366
609.422 394.868 217.555
617.693 406.35 165.015
625.941 417.202 114.363
633.732 427.795 65.5211
641.18 437.949 18.7487
648.569 447.767 -26.9064
530.447 396.923 393.69
540.799 408.992 334.639
550.923 420.463 277.857
560.473 431.574 223.449
569.981 442.069 170.935
578.97 452.135 120.866
587.605 461.988 72.2326
595.833 471.512 25.4952
603.783 480.609 -19.352
990.324 414.773 -30.9203
940.968 437.73 -65.402
892.785 460.151 -99.1226
845.772 482.068 -132.311
799.966 503.377 -164.335
755.105 524.256 -195.759
711.069 544.741 -226.546
668.324 564.658 -256.641
626.518 584.16 -286.232
952.648 421.007 19.5177
903.603 443.93 -15.4978
856.209 466.149 -49.7953
809.644 487.947 -83.2729
764.195 509.235 -116.031
719.896 530.003 -148.09
676.549 550.313 -179.38
633.967 570.247 -209.999
592.223 589.833 -240.311
914.994 427.235 69.9449
866.595 450.028 34.215
819.55 472.177 -0.462616
773.516 493.876 -34.5789
728.698 514.997 -67.7588
684.648 535.777 -100.506
641.705 556.012 -132.287
599.732 575.849 -163.744
558.214 595.358 -194.093
877.338 433.491 120.178
829.758 456.042 84.0827
783.002 478.189 48.7007
737.528 499.747 14.1659
693.236 520.804 -19.8729
649.648 541.442 -52.798
606.939 561.699 -85.3014
565.349 581.466 -117.227
524.443 600.847 -148.21
839.965 439.622 170.568
792.674 462.19 133.643
746.521 484.176 97.8721
701.519 505.661 62.6759
657.651 526.611 28.3155
614.423 547.218 -5.28699
572.274 567.351 -38.3251
530.875 587.097 -70.5742
490.482 606.341 -101.9
802.348 445.923 220.4
755.629 468.31 183.304
709.96 490.212 146.913
665.294 511.664 111.102
621.801 532.532 76.3835
579.068 553.042 42.2221
537.341 573.063 8.90527
496.307 592.746 -23.8214
456.303 611.968 -55.946
829.456 601.815 -479.166
774.343 604.925 -476.718
719.129 608.041 -474.112
663.658 611.172 -471.345
608.076 614.309 -468.865
551.817 617.484 -466.522
495.784 620.646 -463.939
439.239 623.837 -461.292
382.517 627.038 -458.856
831.913 601.686 -422.872
776.983 604.786 -419.837
721.805 607.9 -417.187
666.48 611.023 -414.306
610.753 614.168 -411.805
554.874 617.321 -409.102
498.881 620.481 -406.549
442.388 623.67 -403.847
385.561 626.877 -401.37
834.481 601.551 -366.086
779.605 604.648 -363.32
724.527 607.757 -360.619
669.119 610.884 -357.698
613.627 614.016 -354.977
557.666 617.174 -352.361
501.81 620.326 -349.595
445.226 623.52 -347.004
388.511 626.72 -344.125
836.93 601.423 -309.96
782.233 604.51 -306.976
727.209 607.615 -303.999
671.724 610.747 -301.254
616.624 613.856 -298.317
560.904 617.001 -295.461
504.793 620.168 -292.734
448.424 623.349 -289.582
391.584 626.557 -286.653
839.392 601.294 -253.642
784.767 604.377 -250.922
730.059 607.464 -247.77
674.745 610.586 -244.62
619.336 613.713 -241.59
563.781 616.849 -238.742
508.042 619.995 -235.779
451.579 623.181 -232.779
394.788 626.386 -229.5
841.949 601.159 -197.794
787.295 604.244 -194.398
732.43 607.341 -191.539
677.377 610.448 -188.44
622.2 613.562 -185.057
566.674 616.696 -181.877
510.967 619.839 -179.008
454.445 623.029 -175.816
397.772 626.228 -172.511
834.579 535.805 -468.952
809.638 532.957 -441.935
783.954 530.03 -414.803
757.059 526.969 -386.719
729.915 523.866 -357.035
701.382 520.617 -327.061
672.238 517.292 -295.803
641.868 513.83 -263.645
610.691 510.272 -230.125
866.072 538.658 -426.411
841.77 535.873 -399.101
816.662 533.002 -371.494
791.068 530.067 -342.616
764.121 526.981 -312.512
736.919 523.865 -282.045
708.206 520.58 -250.357
678.95 517.227 -217.416
648.38 513.728 -183.537
897.382 541.497 -384.432
873.563 538.763 -357.225
849.394 535.978 -328.479
823.826 533.043 -299.24
798.088 530.076 -268.541
771.165 526.985 -237.649
743.791 523.83 -205.084
715.066 520.531 -171.993
685.535 517.132 -137.286
928.067 544.277 -343.02
905.236 541.637 -314.906
881.314 538.875 -285.931
856.965 536.061 -256.135
831.524 533.126 -225.505
805.694 530.138 -193.583
778.694 527.022 -161.046
751.064 523.826 -126.961
722.182 520.49 -91.8162
958.95 547.084 -302.335
936.38 544.466 -273.678
913.317 541.789 -244.236
889.321 539.007 -213.996
864.814 536.16 -182.46
839.393 533.212 -150.34
813.504 530.204 -116.971
786.384 527.058 -82.5574
758.541 523.827 -47.1074
989.023 549.807 -261.581
967.123 547.254 -232.466
944.438 544.615 -202.946
921.497 541.938 -172.216
897.428 539.133 -140.404
872.667 536.244 -107.227
847.399 533.298 -73.6467
821.129 530.236 -38.7958
793.987 527.068 -2.43548
333.429 -650.21 329.367
490.869 -634.312 311.914
535.62 -598.259 342.011
445.115 -639.541 316.309
489.098 -604.625 345.313
571.864 -566.325 369.427
530.763 -571.023 373.375
402.463 -644.416 320.405
445.679 -610.637 348.318
486.575 -578.171 375.287
570.884 -538.646 400.418
525.929 -546.931 401.239
404.585 -616.383 351.099
445.49 -584.965 376.901
616.611 -529.749 400.107
657.515 -498.331 425.91
609.462 -507.494 426.445
484.847 -554.248 402.269
566.061 -516.125 426.532
522.661 -524.756 426.62
405.951 -591.057 378.95
445.316 -561.388 403.151
648.048 -477.39 451.304
601.549 -486.899 451.106
483.909 -532.332 426.844
559.707 -496.401 449.878
519.408 -504.678 449.668
637.823 -459.157 473.856
595.206 -468.747 472.702
554.136 -477.637 471.983
629.933 -441.706 495.017
588.871 -451.643 493.132
673.322 -431.503 496.68
706.503 -405.163 518.561
662.342 -415.978 516.389
622.059 -426.351 513.846
683.539 -448.688 475.295
718.262 -421.123 498.193
752.211 -393.646 521.166
766.297 -409.34 500.575
802.567 -381.074 523.908
732.356 -437.865 476.436
783.497 -426.251 477.936
818.212 -397.638 502.002
853.7 -368.413 526.576
695.322 -467.791 451.427
746.469 -457.226 451.761
708.667 -488.289 425.661
365.047 -622.475 353.147
361.366 -649.638 323.769
158.7 365.66 -808.547
160.559 343.609 -808.583
162.449 321.521 -808.618
164.297 299.337 -808.655
166.127 277.179 -808.693
168.202 254.833 -808.721
170.053 232.507 -808.759
172.103 209.988 -808.788
174.02 187.613 -808.823
175.45 364.442 -807.754
177.29 343.019 -807.788
179.117 321.489 -807.822
180.971 299.986 -807.856
182.911 278.441 -807.885
184.705 256.649 -807.923
186.684 234.885 -807.951
188.524 213.056 -807.987
190.555 191.311 -808.013
191.333 363.259 -807.003
193.101 342.438 -807.036
194.85 321.658 -807.07
196.704 300.498 -807.102
198.46 279.551 -807.136
200.423 258.293 -807.163
202.207 237.243 -807.197
204.286 216.034 -807.218
206.084 194.808 -807.252
206.389 362.156 -806.29
208.166 341.927 -806.32
209.964 321.52 -806.35
211.773 301.084 -806.379
213.591 280.582 -806.408
215.174 260.09 -806.449
217.3 239.366 -806.464
218.919 218.713 -806.504
220.907 197.916 -806.527
220.671 361.118 -805.615
222.379 341.364 -805.645
224.144 321.566 -805.673
225.896 301.557 -805.702
227.585 281.678 -805.734
229.538 261.587 -805.755
231.195 241.519 -805.789
233.213 221.315 -805.807
234.955 201.178 -805.838
234.17 360.119 -804.976
235.941 340.913 -805
237.711 321.53 -805.025
239.419 302.089 -805.054
241.29 282.585 -805.075
242.949 263.127 -805.106
244.769 243.317 -805.131
246.523 223.742 -805.158
248.426 204.189 -805.178
-331.293 -429.762 -277.589
-315.787 -439.799 -284.092
-301.16 -449.236 -290.316
-287.104 -458.359 -296.138
-273.872 -466.872 -301.844
-261.132 -475.13 -307.152
-248.946 -483.006 -312.297
-237.376 -490.492 -317.157
-226.275 -497.665 -321.85
-340.937 -419.308 -285.82
-325.751 -429.23 -291.919
-311.217 -438.768 -297.634
-297.422 -447.769 -303.211
-284.221 -456.409 -308.472
-271.685 -464.598 -313.511
-259.576 -472.524 -318.333
-248.067 -480.044 -322.957
-236.951 -487.334 -327.344
-350.152 -409.348 -293.599
-334.995 -419.409 -299.229
-320.923 -428.67 -304.688
-307.292 -437.681 -309.855
-294.194 -446.34 -314.822
-281.787 -454.536 -319.543
-269.778 -462.471 -324.11
-258.179 -470.155 -328.463
-247.417 -477.205 -332.732
-358.787 -400.043 -300.807
-343.94 -409.934 -306.219
-329.921 -419.3 -311.245
-316.302 -428.391 -316.153
-303.571 -436.88 -320.773
-291.236 -445.074 -325.333
-279.389 -453 -329.55
-268.047 -460.515 -333.802
-257.174 -467.776 -337.714
-366.77 -391.334 -307.783
-352.296 -401.082 -312.747
-338.427 -410.429 -317.487
-325.206 -419.311 -322.089
-312.445 -427.908 -326.458
-300.287 -436.073 -330.696
-288.582 -443.928 -334.794
-277.171 -451.61 -338.716
-266.386 -458.844 -342.504
-374.334 -383.159 -314.167
-360.009 -392.862 -318.92
-346.381 -402.112 -323.388
-333.458 -410.841 -327.744
-320.812 -419.428 -331.88
-308.778 -427.578 -335.875
-297.14 -435.465 -339.724
-286.122 -442.892 -343.489
-275.204 -450.303 -347.063
67.087 -653.013 -109.488
67.6569 -650.627 -127.112
68.2378 -648.347 -144.043
68.776 -646.205 -159.937
69.2374 -644.131 -175.168
69.7697 -642.219 -189.48
70.1887 -640.351 -203.211
70.6612 -638.596 -216.311
70.9637 -636.877 -228.743
47.5701 -646.709 -104.262
48.897 -644.57 -122.078
49.8552 -642.471 -138.708
50.7767 -640.465 -154.615
51.7971 -638.629 -169.612
52.5898 -636.822 -183.848
53.4479 -635.141 -197.392
54.3373 -633.529 -210.543
54.9625 -631.956 -222.777
29.1011 -640.688 -99.6974
30.6231 -638.688 -117.048
32.1066 -636.787 -133.622
33.3878 -634.971 -149.128
34.8304 -633.279 -164.186
36.0746 -631.649 -178.329
37.2848 -630.074 -192.017
38.3604 -628.585 -204.792
39.4911 -627.158 -217.279
11.0571 -634.822 -95.1231
13.0703 -633.011 -112.397
14.932 -631.3 -128.614
16.7713 -629.667 -144.249
18.483 -628.129 -158.921
20.0851 -626.616 -173.156
21.6722 -625.225 -186.523
23.0905 -623.828 -199.512
24.4738 -622.528 -211.76
-6.26453 -629.185 -90.7727
-4.0051 -627.517 -107.681
-1.66797 -625.967 -123.979
0.453918 -624.497 -139.201
2.61819 -623.099 -154.034
4.47604 -621.734 -167.894
6.43878 -620.451 -181.454
8.1236 -619.205 -194.069
9.92593 -618.033 -206.483
-22.9688 -623.754 -86.5455
-20.3081 -622.241 -103.385
-17.6181 -620.862 -119.387
-15.1158 -619.523 -134.658
-12.7917 -618.242 -149.091
-10.4747 -617.033 -163.017
-8.33081 -615.856 -176.301
-6.30725 -614.706 -189.105
-4.41113 -613.621 -201.153
480.576 -697.307 -110.83
464.296 -696.391 -122.16
448.255 -695.487 -132.994
433.184 -694.639 -143.499
418.447 -693.809 -153.463
404.489 -693.023 -163.047
390.744 -692.249 -172.382
377.778 -691.519 -181.399
365.058 -690.803 -190.021
468.138 -696.603 -94.4264
451.862 -695.686 -105.828
436.579 -694.826 -116.968
421.693 -693.988 -127.638
407.424 -693.184 -137.826
393.537 -692.402 -147.689
380.398 -691.663 -157.186
367.563 -690.94 -166.357
355.234 -690.246 -175.232
455.593 -695.892 -78.1181
440.051 -695.017 -89.9939
424.826 -694.16 -101.149
410.407 -693.348 -112.072
396.389 -692.559 -122.455
383.027 -691.807 -132.58
370.051 -691.076 -142.234
357.511 -690.37 -151.681
345.476 -689.693 -160.773
443.569 -695.211 -62.1064
428.073 -694.338 -74.1429
413.465 -693.516 -85.789
399.191 -692.712 -96.7347
385.679 -691.952 -107.442
372.514 -691.211 -117.61
359.911 -690.501 -127.553
347.619 -689.809 -137.149
335.818 -689.145 -146.328
431.549 -694.529 -46.5015
416.59 -693.688 -58.7526
402.094 -692.872 -70.3708
388.368 -692.099 -81.806
374.901 -691.341 -92.4398
362.192 -690.626 -102.953
349.788 -689.928 -112.989
337.861 -689.256 -122.752
326.169 -688.598 -132.19
419.757 -693.861 -31.2835
405.162 -693.04 -43.5491
391.127 -692.25 -55.3794
377.485 -691.482 -66.8261
364.585 -690.756 -77.8779
352.009 -690.049 -88.4044
339.898 -689.367 -98.6765
328.094 -688.703 -108.588
316.875 -688.071 -118.246
847.401 -790.915 -41.412
827.608 -792.979 -40.1905
807.693 -795.058 -38.815
787.938 -797.118 -37.5496
768.505 -799.146 -36.2266
749.059 -801.174 -35.0469
729.825 -803.182 -33.6945
710.771 -805.169 -32.4846
691.719 -807.157 -31.1978
848.324 -791.007 -22.0805
828.393 -793.087 -20.6531
808.591 -795.151 -19.6231
788.907 -797.205 -18.2284
769.501 -799.229 -17.0914
750.035 -801.259 -15.8149
730.908 -803.254 -14.6539
711.667 -805.261 -13.4125
692.813 -807.227 -12.3542
849.225 -791.103 -2.56142
829.449 -793.164 -1.44012
809.476 -795.248 -0.150993
789.847 -797.292 0.760139
770.353 -799.327 2.13486
751.059 -801.337 3.13825
731.852 -803.341 4.3964
712.814 -805.326 5.48603
693.83 -807.306 6.6948
850.13 -791.197 16.7789
830.216 -793.273 17.9581
810.385 -795.338 18.839
790.808 -797.38 20.0924
771.342 -799.408 21.052
751.974 -801.427 22.2026
732.812 -803.425 23.2609
713.772 -805.41 24.4463
694.967 -807.37 25.4325
851.024 -791.292 36.1113
831.146 -793.361 36.9549
811.294 -795.431 38.1509
791.797 -797.461 39.0189
772.225 -799.501 40.0966
752.976 -801.507 41.0877
733.753 -803.511 42.2232
714.741 -805.491 43.0739
695.852 -807.461 44.2181
851.85 -791.393 55.3812
831.999 -793.461 56.3424
812.245 -795.518 57.2015
792.631 -797.562 58.252
773.128 -799.592 59.055
753.898 -801.595 60.0511
734.779 -803.586 60.9221
715.684 -805.576 61.9075
696.926 -807.53 62.8281
-211.096 84.7785 -26.1623
-208.755 72.8159 -29.3654
-206.344 60.5531 -32.7558
-203.877 47.8917 -36.0453
-201.247 34.521 -39.7467
-198.56 20.6825 -43.2614
-195.723 6.13824 -47.071
-192.74 -9.06989 -51.2087
-189.638 -24.9797 -55.3556
-209.174 84.3017 -43.1918
-206.886 72.8195 -46.6436
-204.477 60.6287 -50.1234
-201.907 47.8126 -54.1268
-199.346 34.8174 -57.7742
-196.609 21.0823 -61.898
-193.752 6.66711 -66.092
-190.792 -8.25238 -70.46
-187.648 -24.0618 -75.1554
-207.384 84.2628 -59.6653
-205.025 72.5884 -63.4835
-202.574 60.5861 -67.6372
-200.094 48.1144 -71.3365
-197.468 35.1052 -75.5692
-194.711 21.4728 -80.0348
-191.835 7.25549 -84.7119
-188.846 -7.63898 -89.3823
-185.719 -23.0878 -94.4767
-205.574 84.0059 -75.9951
-203.234 72.5956 -80.0333
-200.794 60.6555 -84.1893
-198.244 48.311 -88.7343
-195.614 35.3569 -93.0818
-192.864 21.9504 -97.8374
-189.978 7.86652 -102.807
-187.001 -6.71216 -107.86
-183.842 -22.1453 -113.275
-203.805 83.774 -91.9843
-201.47 72.564 -96.2895
-198.966 60.5878 -100.975
-196.46 48.3961 -105.348
-193.802 35.6367 -110.257
-191.046 22.3486 -115.251
-188.168 8.49249 -120.495
-185.155 -6.01709 -125.986
-182.005 -21.1455 -131.788
-202.088 83.5706 -107.534
-199.75 72.4382 -111.98
-197.261 60.7087 -116.917
-194.719 48.6188 -121.779
-192.049 35.9362 -126.909
-189.268 22.7291 -132.257
-186.398 9.09384 -137.773
-183.363 -5.28757 -143.666
-180.211 -20.2562 -149.726
380.642 498.017 -726.609
371.503 494.35 -728.448
389.555 501.487 -724.896
370.608 507.678 -718.192
361.228 504.729 -719.458
351.394 501.387 -720.977
342.738 511.131 -712.642
332.209 508.113 -713.84
352.583 513.74 -711.683
334.788 519.817 -705.186
324.713 517.193 -706.132
313.719 514.514 -707.024
307.147 523.284 -699.649
295.921 520.774 -700.387
317.919 525.399 -699.164
301.511 531.009 -693.168
290.505 529.063 -693.5
278.582 527.061 -693.778
274.329 534.504 -687.658
261.943 532.658 -687.769
285.564 536.464 -687.34
270.079 541.763 -681.678
258.382 539.958 -681.829
245.761 538.465 -681.647
243.357 545.285 -676.195
255.29 546.738 -676.337
281.093 543.16 -681.766
266.533 548.148 -676.438
305.975 539.71 -687.001
291.414 544.699 -681.673
296.345 538.03 -687.274
330.624 536.43 -692.083
315.145 541.363 -686.701
321.224 534.764 -692.37
297.599 546.171 -681.198
286.955 550.662 -676.659
280.541 549.176 -677.121
311.594 533.083 -692.642
337.397 529.506 -698.072
327.77 527.643 -698.485
361.814 526.395 -703
345.873 531.483 -697.451
353.571 524.248 -703.774
344.409 522.046 -704.494
369.977 518.821 -709.629
361.739 516.308 -710.683
395.086 515.568 -714.738
377.988 521.137 -708.702
387.537 513.097 -715.832
379.073 510.387 -717.012
405.1 507.19 -722.175
397.787 504.366 -723.563
412.413 510.014 -720.788
241.605 329.971 -1138.89
237.304 327.639 -1139.1
232.865 325.248 -1139.33
228.167 322.699 -1139.57
223.284 320.054 -1139.82
218.139 317.29 -1140.08
212.775 314.37 -1140.35
207.068 311.295 -1140.64
201.137 308.068 -1140.94
243.646 323.025 -1138.83
239.443 320.569 -1139.04
235.096 318.02 -1139.26
230.518 315.37 -1139.5
225.767 312.567 -1139.74
220.699 309.63 -1140
215.464 306.596 -1140.27
209.913 303.335 -1140.55
204.087 299.902 -1140.85
245.672 316.181 -1138.77
241.559 313.632 -1138.98
237.304 310.95 -1139.2
232.822 308.159 -1139.43
228.148 305.244 -1139.67
223.249 302.159 -1139.92
218.082 298.928 -1140.18
212.711 295.547 -1140.46
206.998 291.97 -1140.75
247.66 309.525 -1138.71
243.62 306.801 -1138.92
239.461 304.033 -1139.13
235.09 301.1 -1139.36
230.508 298.02 -1139.6
225.726 294.836 -1139.84
220.682 291.451 -1140.1
215.39 287.91 -1140.37
209.87 284.184 -1140.66
249.582 302.98 -1138.66
245.665 300.17 -1138.86
241.562 297.244 -1139.07
237.306 294.219 -1139.29
232.813 290.992 -1139.53
228.12 287.654 -1139.77
223.22 284.137 -1140.02
218.032 280.471 -1140.29
212.634 276.639 -1140.57
251.47 296.531 -1138.6
247.657 293.633 -1138.8
243.612 290.599 -1139.01
239.428 287.442 -1139.23
235.05 284.117 -1139.46
230.459 280.647 -1139.7
225.659 277.043 -1139.95
220.621 273.211 -1140.21
215.308 269.248 -1140.48
-659.03 -154.957 -996.542
-661.448 -152.918 -994.885
-665.308 -150.522 -992.005
-669.325 -147.951 -989.029
-673.478 -145.309 -985.948
-677.928 -142.483 -982.646
-682.535 -139.527 -979.235
-687.441 -136.453 -975.581
-692.558 -133.198 -971.785
-661.833 -156.243 -993.624
-665.486 -154.037 -990.881
-669.316 -151.672 -988.021
-673.315 -149.223 -985.028
-677.485 -146.668 -981.907
-681.911 -143.976 -978.59
-686.515 -141.127 -975.153
-691.368 -138.16 -971.519
-696.406 -135.072 -967.749
-665.624 -157.218 -989.886
-669.294 -155.064 -987.114
-673.141 -152.804 -984.209
-677.17 -150.428 -981.169
-681.339 -147.983 -978.02
-685.653 -145.361 -974.785
-690.299 -142.642 -971.273
-695.057 -139.813 -967.69
-700.068 -136.827 -963.917
-669.329 -158.153 -986.238
-672.975 -156.077 -983.466
-676.79 -153.874 -980.575
-680.799 -151.582 -977.53
-684.938 -149.202 -974.39
-689.241 -146.704 -971.132
-693.854 -144.084 -967.625
-698.526 -141.354 -964.092
-703.54 -138.497 -960.281
-672.856 -159.064 -982.759
-676.493 -157.023 -979.986
-680.272 -154.907 -977.104
-684.261 -152.685 -974.059
-688.429 -150.384 -970.871
-692.705 -147.975 -967.613
-697.25 -145.441 -964.144
-701.911 -142.836 -960.587
-706.833 -140.081 -956.833
-676.233 -159.903 -979.437
-679.839 -157.942 -976.671
-683.645 -155.872 -973.751
-687.617 -153.724 -970.701
-691.721 -151.505 -967.55
-695.976 -149.158 -964.295
-700.461 -146.757 -960.844
-705.105 -144.228 -957.282
-709.965 -141.58 -953.555
277.38 -1020.07 -58.0985
281.288 -1020.29 -65.3112
284.973 -1020.5 -72.1343
288.476 -1020.7 -78.6035
291.823 -1020.89 -84.7082
294.948 -1021.07 -90.5379
297.951 -1021.24 -96.0366
300.784 -1021.4 -101.314
303.524 -1021.55 -106.306
270.462 -1019.68 -57.4403
274.418 -1019.91 -64.4516
278.2 -1020.12 -71.0866
281.77 -1020.32 -77.3588
285.184 -1020.52 -83.3558
288.44 -1020.7 -89.0422
291.539 -1020.88 -94.4641
294.414 -1021.04 -99.5844
297.191 -1021.2 -104.517
263.997 -1019.32 -56.8677
268.026 -1019.54 -63.6715
271.843 -1019.76 -70.1313
275.491 -1019.97 -76.2312
278.982 -1020.17 -82.0705
282.276 -1020.35 -87.6481
285.382 -1020.53 -92.9087
288.37 -1020.7 -97.9636
291.22 -1020.86 -102.786
257.88 -1018.97 -56.3138
261.962 -1019.2 -62.9293
265.824 -1019.42 -69.202
269.498 -1019.63 -75.1427
273.059 -1019.83 -80.847
276.43 -1020.02 -86.298
279.595 -1020.2 -91.473
282.661 -1020.38 -96.443
285.527 -1020.54 -101.149
252.196 -1018.65 -55.8238
256.281 -1018.88 -62.2463
260.164 -1019.1 -68.3211
263.915 -1019.31 -74.1547
267.467 -1019.52 -79.6983
270.844 -1019.71 -85.0118
274.082 -1019.89 -90.0711
277.177 -1020.07 -94.9402
280.13 -1020.23 -99.5963
246.811 -1018.35 -55.3101
250.89 -1018.58 -61.5675
254.828 -1018.8 -67.4852
258.589 -1019.01 -73.214
262.192 -1019.22 -78.6186
265.62 -1019.41 -83.8303
268.876 -1019.6 -88.7766
272.029 -1019.78 -93.5701
274.975 -1019.94 -98.125
715.533 -1141.18 69.3557
710.327 -1141.64 61.4181
705.4 -1142.08 53.9563
700.736 -1142.49 46.9378
696.409 -1142.88 40.3185
692.251 -1143.25 34.0641
688.387 -1143.59 28.1249
684.678 -1143.92 22.484
681.129 -1144.24 17.0943
708.568 -1141.96 75.4042
703.604 -1142.4 67.42
698.955 -1142.8 59.9308
694.599 -1143.19 52.8204
690.434 -1143.55 46.1494
686.558 -1143.89 39.8107
682.84 -1144.22 33.8144
679.324 -1144.53 28.0936
675.988 -1144.82 22.6741
701.787 -1142.72 81.2567
697.131 -1143.12 73.2146
692.75 -1143.5 65.6515
688.586 -1143.87 58.5457
684.692 -1144.2 51.8092
680.96 -1144.53 45.4173
677.457 -1144.83 39.3564
674.14 -1145.12 33.5778
670.951 -1145.4 28.0579
695.261 -1143.45 86.9057
690.854 -1143.83 78.8386
686.694 -1144.19 71.2324
682.776 -1144.52 64.0614
679.093 -1144.84 57.2765
675.553 -1145.14 50.8488
672.229 -1145.43 44.745
669.038 -1145.7 38.9099
666.032 -1145.96 33.4026
688.895 -1144.16 92.388
684.759 -1144.51 84.2919
680.852 -1144.84 76.6557
677.12 -1145.16 69.4351
673.597 -1145.46 62.597
670.306 -1145.74 56.1084
667.127 -1146.01 49.9923
664.106 -1146.26 44.1094
661.224 -1146.51 38.4972
682.772 -1144.85 97.7088
678.85 -1145.18 89.5666
675.15 -1145.49 81.8895
671.637 -1145.78 74.6198
668.328 -1146.06 67.7643
665.149 -1146.32 61.2746
662.152 -1146.57 55.0332
659.291 -1146.81 49.1513
656.556 -1147.04 43.5314
-526.188 -13.6127 -106.925
-525.9 -18.7665 -101.654
-525.607 -23.9539 -96.3665
-525.314 -29.1874 -91.0131
-525.02 -34.383 -85.7314
-524.717 -39.6846 -80.3604
-524.426 -44.9103 -74.9999
-524.122 -50.1979 -69.6665
-523.819 -55.4924 -64.3118
-524.77 -18.7952 -112.047
-524.47 -23.9939 -106.813
-524.184 -29.1497 -101.516
-523.891 -34.3479 -96.2184
-523.588 -39.6041 -90.9161
-523.292 -44.8582 -85.5631
-522.991 -50.1185 -80.2376
-522.693 -55.3989 -74.853
-522.388 -60.6754 -69.5494
-523.347 -23.975 -117.218
-523.057 -29.1356 -111.946
-522.758 -34.3196 -106.728
-522.46 -39.5545 -101.419
-522.161 -44.7933 -96.1083
-521.859 -50.0615 -90.7795
-521.562 -55.3028 -85.4563
-521.264 -60.5948 -80.0603
-520.96 -65.862 -74.7511
-521.927 -29.1609 -122.346
-521.633 -34.3179 -117.12
-521.338 -39.5186 -111.841
-521.038 -44.7156 -106.604
-520.736 -49.9718 -101.293
-520.435 -55.2371 -95.9729
-520.131 -60.5226 -90.6401
-519.825 -65.8074 -85.3205
-519.528 -71.0499 -79.9882
-520.515 -34.3123 -127.46
-520.216 -39.4904 -122.249
-519.913 -44.6975 -117.025
-519.613 -49.9195 -111.749
-519.31 -55.1636 -106.471
-519.007 -60.4135 -101.193
-518.703 -65.7075 -95.843
-518.404 -70.9649 -90.5071
-518.107 -76.2058 -85.184
-519.102 -39.4734 -132.569
-518.798 -44.6755 -127.36
-518.499 -49.8752 -122.117
-518.194 -55.0913 -116.896
-517.893 -60.334 -111.606
-517.585 -65.5966 -106.34
-517.284 -70.8573 -101.025
-516.988 -76.0941 -95.6929
-516.685 -81.3547 -90.3869
-822.33 -118.798 7.29275
-821.945 -124.141 7.54353
-821.524 -129.706 7.75802
-821.083 -135.528 7.97979
-820.652 -141.534 8.26522
-820.177 -147.915 8.52905
-819.682 -154.478 8.7858
-819.155 -161.402 9.04346
-818.612 -168.56 9.31629
-819.545 -119.53 0.990211
-819.095 -124.87 1.08942
-818.62 -130.409 1.17342
-818.146 -136.205 1.31396
-817.63 -142.24 1.40821
-817.095 -148.535 1.51319
-816.534 -155.117 1.62112
-815.948 -161.952 1.72463
-815.337 -169.1 1.83791
-816.788 -120.299 -5.2386
-816.29 -125.587 -5.2619
-815.755 -131.13 -5.31656
-815.213 -136.891 -5.3404
-814.655 -142.907 -5.34798
-814.071 -149.171 -5.36179
-813.435 -155.68 -5.4439
-812.801 -162.494 -5.45702
-812.116 -169.589 -5.52818
-814.069 -121.006 -11.3925
-813.521 -126.319 -11.5277
-812.936 -131.825 -11.7057
-812.335 -137.552 -11.8742
-811.709 -143.529 -12.0461
-811.052 -149.794 -12.2315
-810.393 -156.272 -12.3726
-809.675 -163.033 -12.592
-808.945 -170.085 -12.7745
-811.382 -121.751 -17.4639
-810.772 -127.041 -17.7474
-810.158 -132.486 -18.0071
-809.506 -138.226 -18.2915
-808.814 -144.177 -18.622
-808.108 -150.377 -18.9326
-807.373 -156.831 -19.2569
-806.61 -163.573 -19.5827
-805.815 -170.58 -19.9287
-808.73 -122.515 -23.4508
-808.072 -127.752 -23.858
-807.408 -133.175 -24.2373
-806.686 -138.898 -24.6875
-805.97 -144.821 -25.0788
-805.212 -150.977 -25.52
-804.413 -157.399 -25.9999
-803.599 -164.053 -26.4626
-802.728 -171.058 -26.984
281.293 798.196 -908.426
279.316 794.829 -910.786
277.252 791.306 -913.257
275.067 787.639 -915.824
272.787 783.766 -918.538
270.359 779.692 -921.391
267.87 775.41 -924.394
265.222 770.931 -927.533
262.419 766.19 -930.854
286.552 795.105 -911.334
284.718 791.706 -913.733
282.774 788.185 -916.214
280.753 784.449 -918.852
278.634 780.576 -921.582
276.418 776.491 -924.466
274.095 772.207 -927.489
271.649 767.688 -930.678
269.069 762.905 -934.055
291.645 792.117 -914.145
289.928 788.728 -916.549
288.151 785.123 -919.112
286.273 781.422 -921.738
284.357 777.481 -924.542
282.293 773.398 -927.439
280.17 769.054 -930.529
277.889 764.545 -933.728
275.516 759.755 -937.132
296.655 789.204 -916.891
295.066 785.778 -919.336
293.43 782.176 -921.912
291.693 778.432 -924.585
289.905 774.466 -927.422
287.999 770.362 -930.351
286.04 766.019 -933.457
283.934 761.491 -936.689
281.809 756.717 -940.107
301.512 786.333 -919.588
300.063 782.914 -922.043
298.548 779.258 -924.672
296.958 775.484 -927.384
295.28 771.545 -930.211
293.56 767.401 -933.191
291.768 763.052 -936.319
289.898 758.489 -939.603
287.894 753.73 -943.022
306.299 783.544 -922.216
304.973 780.078 -924.72
303.591 776.442 -927.348
302.113 772.651 -930.084
300.576 768.683 -932.948
299.017 764.511 -935.966
297.351 760.19 -939.086
295.612 755.57 -942.427
293.806 750.848 -945.838
-58.9292 722.95 -551.81
-58.3206 719.957 -555.274
-57.6397 716.828 -558.905
-56.9676 713.523 -562.729
-56.1908 710.035 -566.78
-55.464 706.387 -570.997
-54.6878 702.537 -575.452
-53.7827 698.442 -580.206
-52.889 694.18 -585.144
-53.1324 721.631 -554.57
-52.361 718.63 -558.079
-51.6009 715.532 -561.693
-50.7305 712.267 -565.517
-49.867 708.839 -569.521
-48.9438 705.222 -573.748
-48.0108 701.438 -578.162
-46.9629 697.405 -582.88
-45.932 693.23 -587.752
-47.5067 720.32 -557.284
-46.6379 717.389 -560.736
-45.7299 714.286 -564.388
-44.8067 711.067 -568.172
-43.8305 707.703 -572.13
-42.7914 704.133 -576.331
-41.6697 700.397 -580.735
-40.5125 696.444 -585.388
-39.2774 692.308 -590.262
-42.1485 719.094 -559.842
-41.1875 716.193 -563.281
-40.1571 713.124 -566.924
-39.0916 709.926 -570.717
-38.0036 706.577 -574.683
-36.8468 703.085 -578.823
-35.5885 699.366 -583.238
-34.318 695.513 -587.806
-32.9273 691.455 -592.627
-36.9009 717.884 -562.358
-35.9037 715.022 -565.762
-34.8296 712.029 -569.329
-33.6601 708.865 -573.108
-32.4275 705.547 -577.072
-31.1646 702.088 -581.199
-29.7817 698.442 -585.561
-28.3842 694.628 -590.114
-26.8822 690.633 -594.889
-31.9646 716.76 -564.709
-30.8247 713.894 -568.149
-29.616 710.92 -571.725
-28.3499 707.786 -575.493
-27.0427 704.506 -579.43
-25.676 701.107 -583.514
-24.223 697.516 -587.831
-22.7206 693.797 -592.301
-21.1288 689.867 -597.025
452.39 318.974 -45.8462
432.494 341.315 -46.6694
411.863 364.445 -47.5233
390.215 388.545 -48.4204
368.076 413.261 -49.3373
344.976 439.39 -50.2921
320.731 466.298 -51.2971
295.879 493.869 -52.3274
270.278 522.759 -53.386
441.188 286.238 -46.5662
420.748 308.114 -47.4181
399.577 331.136 -48.2983
377.692 354.808 -49.2091
354.772 379.424 -50.1638
331.132 404.92 -51.1481
306.561 431.579 -52.17
280.891 459.184 -53.2391
254.336 487.785 -54.3448
429.775 252.687 -47.3009
408.856 274.31 -48.1771
387.125 296.773 -49.0873
364.799 320.171 -50.0206
341.345 344.544 -51.0022
317.132 369.7 -52.0156
291.787 395.985 -53.0768
265.539 423.504 -54.174
238.111 451.724 -55.3235
417.972 217.891 -48.0613
396.603 239.473 -48.9591
374.247 261.609 -49.901
351.277 284.56 -50.8676
327.513 308.546 -51.8662
302.63 333.637 -52.912
276.595 359.373 -54.0092
249.612 386.552 -55.1434
221.491 414.356 -56.3284
405.729 182.696 -48.8448
383.871 203.62 -49.7698
361.154 225.433 -50.7307
337.626 248.121 -51.7255
312.973 271.612 -52.7693
287.584 296.256 -53.8418
260.932 321.876 -54.969
233.097 348.482 -56.1472
204.408 376.147 -57.3601
393.254 146.41 -49.6458
370.686 167.104 -50.6058
347.543 188.293 -51.5907
323.361 210.6 -52.6188
298.327 233.55 -53.6838
272.035 257.767 -54.8019
244.818 282.992 -55.9584
216.147 309.356 -57.1777
186.515 336.608 -58.438
124.698 -94.9507 -234.296
126.679 -64.4309 -244.449
128.596 -32.6179 -254.898
130.723 0.676788 -265.943
133.023 35.0028 -277.428
135.149 70.7195 -289.134
137.411 107.855 -301.353
139.781 146.114 -313.977
142.195 186.249 -327.154
94.4901 -82.2776 -210.098
95.7271 -51.518 -219.635
97.2377 -19.5594 -229.751
98.6865 13.6808 -240.16
100.265 48.076 -251.003
101.83 83.7755 -262.191
103.342 120.938 -273.73
105.071 159.278 -285.789
106.767 199.241 -298.262
64.3195 -69.8089 -185.877
65.2366 -38.9402 -195.151
65.9988 -6.73227 -204.65
66.9207 26.4265 -214.554
67.7909 60.7869 -224.74
68.8959 96.769 -235.583
69.7949 133.929 -246.56
70.8818 172.304 -258.041
71.9307 212.327 -269.938
34.5002 -57.1479 -162.03
34.9595 -26.5654 -170.807
35.0953 5.73819 -179.758
35.4203 39.0067 -189.146
35.7848 73.7138 -198.963
36.2189 109.492 -209.137
36.4841 146.734 -219.556
36.9334 185.065 -230.441
37.3158 225.075 -241.723
5.13837 -44.6432 -138.56
4.88507 -13.7258 -146.776
4.61096 18.2744 -155.269
4.39404 51.7283 -164.211
4.13135 86.1923 -173.388
3.80334 121.971 -182.863
3.6062 159.184 -192.851
3.49768 197.591 -203.246
3.21985 237.667 -213.942
-23.9156 -32.2365 -115.345
-24.9385 -1.13864 -122.906
-25.5211 30.725 -131.079
-26.4169 64.4373 -139.47
-27.2137 98.7705 -148.121
-27.9231 134.416 -157.212
-28.7888 171.602 -166.579
-29.4762 210.065 -176.46
-30.5507 250.166 -186.433
126.239 172.09 -397.283
107.104 188.951 -389.365
86.9281 206.897 -381.206
65.9509 225.384 -372.53
43.6655 245.072 -363.366
20.4819 265.548 -353.827
-3.68408 286.953 -343.953
-29.3816 309.495 -333.206
-56.2115 333.315 -322.306
111.336 160.183 -363.004
91.9735 176.761 -354.45
71.7122 194.093 -345.481
50.6321 212.163 -336.192
28.3518 231.317 -326.436
5.10437 251.046 -315.969
-19.3476 272.07 -305.265
-44.9641 293.834 -293.76
-71.8895 316.799 -281.765
96.751 148.718 -329.667
77.3685 164.8 -320.528
56.8436 181.603 -310.596
35.6185 199.386 -300.781
13.4369 217.731 -290.255
-9.81982 237.141 -279.417
-34.2987 257.275 -267.677
-59.9277 278.572 -255.629
-86.7906 300.635 -242.708
82.5056 137.307 -296.869
62.996 153.184 -287.321
42.5956 169.511 -277.028
21.1094 186.716 -266.198
-1.10156 204.719 -255.247
-24.6458 223.411 -243.2
-48.8396 243.012 -231.261
-74.5945 263.561 -218.196
-101.338 285.062 -204.812
68.4645 126.455 -264.983
48.9601 141.612 -254.634
28.3536 157.628 -243.704
7.09619 174.445 -232.759
-15.4067 191.753 -220.618
-38.5673 210.014 -208.625
-63.1921 229.168 -195.58
-88.6403 248.998 -182.138
-115.532 269.929 -167.906
54.8822 115.695 -233.844
35.2968 130.649 -223.155
14.6194 146.135 -211.53
-6.74023 162.447 -199.874
-29.2899 179.494 -187.376
-52.4446 197.111 -174.667
-76.7582 215.529 -161.232
-102.356 234.947 -147.118
-129.007 255.075 -132.323
533.498 238.387 -95.3322
529.1 238.326 -54.6038
524.859 238.521 -15.722
520.79 238.577 21.7861
516.878 238.646 57.8195
513.14 238.607 92.4122
509.558 238.658 125.435
506.137 238.46 157.344
502.817 238.49 187.966
541.726 191.945 -99.8166
537.167 193.066 -59.4208
532.793 194.078 -20.5715
528.559 195.304 16.6602
524.567 195.957 52.538
520.742 196.679 86.765
517.003 197.711 119.72
513.476 198.192 151.559
510.049 198.988 182.001
549.731 146.627 -103.969
545.062 148.532 -63.766
540.598 150.384 -25.3752
536.341 152.11 11.2901
532.118 154.124 47.2113
528.173 155.639 81.3249
524.354 157.207 114.189
520.684 158.792 145.66
517.107 160.317 176.35
557.63 101.971 -108.171
552.85 104.777 -68.3273
548.218 107.646 -29.9521
543.838 110.095 6.74561
539.528 112.958 42.1487
535.476 115.301 75.9776
531.539 117.613 108.793
527.75 119.952 140.193
524.132 122.123 170.277
565.328 58.2231 -111.907
560.443 62.0118 -72.61
555.764 65.434 -34.6461
551.203 68.9599 2.05418
546.84 72.4053 37.0609
542.638 75.6832 70.8377
538.592 78.7915 103.43
534.737 81.5753 134.759
530.958 84.7427 164.791
572.869 15.4559 -115.706
567.887 19.9917 -76.6577
563.056 24.4733 -38.9264
558.439 28.6815 -2.75243
554.016 32.5659 32.1249
549.725 36.5256 65.6733
545.578 40.4052 98.007
541.616 43.9229 129.191
537.76 47.5881 159.173
156.075 148.602 422.927
146.475 118.82 451.562
136.804 88.8745 480.397
127.223 59.0438 508.996
117.609 29.1727 537.683
108.009 -0.658432 566.329
98.506 -30.2357 594.694
89.073 -59.8421 622.904
79.5981 -89.5661 651.235
170.318 118.681 396.299
160.657 88.8861 425.076
150.912 58.9085 454.089
141.335 28.9516 482.708
131.561 -0.840561 511.749
122.079 -30.8844 540.165
112.448 -60.4344 568.822
102.994 -90.0809 597.091
93.5416 -119.484 625.3
184.555 88.5722 369.724
174.885 58.8085 398.516
165.244 28.7594 427.304
155.484 -1.12791 456.331
145.805 -30.969 485.162
136.214 -60.8541 513.796
126.589 -90.4794 542.455
117.029 -120.023 570.948
107.536 -149.536 599.277
198.844 58.4634 343.028
189.093 28.5121 372.049
179.418 -1.43199 400.892
169.698 -31.5456 429.876
160.074 -61.227 458.544
150.366 -91.2147 487.474
140.688 -120.732 516.232
131.057 -150.231 544.877
121.569 -179.641 573.175
213.126 28.4107 316.337
203.372 -1.76292 345.412
193.731 -31.6781 374.17
183.935 -61.7607 403.325
174.236 -91.6702 432.215
164.504 -121.53 461.173
154.843 -151.09 489.902
145.139 -180.575 518.714
135.634 -209.987 547.049
227.456 -2.08836 289.631
217.76 -32.2485 318.567
207.933 -62.1207 347.748
198.187 -92.042 376.752
188.462 -122.012 405.717
178.745 -151.632 434.588
168.994 -181.187 463.522
159.445 -210.68 491.977
149.712 -240.106 520.844
465.789 341.157 88.863
430.985 333.034 86.3132
395.317 324.822 83.786
359.12 316.416 81.166
322.529 307.926 78.5231
285.154 299.299 75.858
247.566 290.511 73.093
209.201 281.555 70.28
170.219 272.482 67.4434
476.35 312.774 66.1156
441.205 304.433 63.4351
405.669 296.024 60.744
369.499 287.351 57.9175
332.876 278.66 55.125
295.78 269.887 52.3195
258.064 260.947 49.4519
219.808 251.635 46.3561
181.127 242.344 43.3219
486.622 284.454 43.4469
451.66 275.883 40.5718
416.039 267.197 37.6785
379.887 258.408 34.7615
343.423 249.457 31.7539
306.163 240.189 28.5884
268.588 231.069 25.5686
230.45 221.709 22.424
191.771 212.085 19.1354
496.825 255.923 20.6244
461.911 247.244 17.6621
426.549 238.351 14.5835
390.426 229.193 11.3821
353.905 220.15 8.3103
316.759 210.717 5.00745
279.267 201.333 1.77734
241.064 191.614 -1.63367
202.457 181.876 -5.01733
507.086 227.519 -2.10742
472.35 218.459 -5.37891
437.017 209.306 -8.65869
401.015 200.053 -11.9452
364.396 190.606 -15.3148
327.33 181.144 -18.6483
289.704 171.399 -22.1399
251.718 161.561 -25.6646
213.189 151.674 -29.1693
517.241 198.919 -24.978
482.625 189.54 -28.5051
447.408 180.328 -31.8424
411.451 170.829 -35.3204
374.986 161.317 -38.7556
337.825 151.453 -42.3862
300.456 141.497 -46.0654
262.343 131.471 -49.7196
223.94 121.239 -53.5011
100.769 91.6499 346.244
72.9117 78.2227 337.532
44.1976 64.2087 328.359
14.432 49.8268 319.011
-15.8854 35.0552 309.353
-47.4882 19.7645 299.404
-79.9271 4.02258 289.141
-113.52 -12.14 278.667
-148.281 -28.9025 267.787
120.311 71.819 319.837
92.8082 58.0078 310.619
64.5602 43.7943 301.119
35.0912 29.0832 291.339
4.9099 14.0408 281.35
-26.09 -1.37354 271.129
-58.0429 -17.478 260.354
-91.1213 -33.9973 249.369
-125.013 -51.0862 237.932
139.913 52.0294 293.462
112.616 37.9516 283.901
84.5569 23.4445 274.034
55.6611 8.6405 264.022
25.9653 -6.7887 253.494
-4.57331 -22.5967 242.734
-36.2855 -38.9011 231.683
-68.7157 -55.7813 220.152
-102.545 -73.2398 208.29
159.401 32.3405 267.225
132.341 18.0479 257.372
104.675 3.42267 247.285
76.1338 -11.8729 236.648
46.8932 -27.5259 225.77
16.5197 -43.5656 214.715
-14.5251 -60.1168 203.241
-46.7051 -77.2866 191.332
-79.649 -94.9719 179.021
178.571 12.8169 241.242
151.909 -1.7337 231.014
124.797 -16.7463 220.373
96.6221 -32.1784 209.502
67.4982 -48.0872 198.314
37.5872 -64.4875 186.754
6.82452 -81.3353 174.887
-24.602 -98.7242 162.567
-57.3443 -116.649 149.944
197.683 -6.71558 215.262
171.488 -21.3852 204.798
144.65 -36.6917 193.769
116.77 -52.4265 182.496
88.0373 -68.6111 170.913
58.67 -85.2495 158.968
28.375 -102.297 146.774
-2.77265 -120.044 133.994
-34.9246 -138.265 120.911
577.073 -111.314 1207.64
573.614 -28.9699 1207.95
569.781 52.5341 1208.22
565.183 134.739 1208.47
560.941 216.4 1208.73
556.905 298.16 1209
552.262 379.425 1209.24
548.511 460.118 1209.52
544.48 540.759 1209.78
528.197 -120.587 1205.26
524.243 -36.9491 1205.54
519.478 46.8002 1205.79
515.421 130.857 1206.07
511.487 214.829 1206.36
506.487 298.761 1206.6
502.943 381.3 1206.89
498.708 464.027 1207.16
494.811 546.476 1207.44
476.336 -130.862 1202.73
471.95 -45.2302 1203
468.286 40.9538 1203.31
463.826 126.957 1203.59
458.756 213.579 1203.84
455.568 298.554 1204.16
450.31 384.205 1204.4
446.802 467.965 1204.7
442.487 553.257 1204.98
422.112 -141.521 1200.08
418.275 -53.2545 1200.39
414.034 35.2456 1200.69
408.396 123.803 1200.92
405.502 211.184 1201.28
400.273 299.158 1201.53
397.05 385.84 1201.86
392.563 472.644 1202.14
388.547 558.986 1202.44
365.316 -152.065 1197.31
361.678 -61.2807 1197.65
355.467 30.2307 1197.87
352.331 118.511 1198.22
346.775 210.203 1198.47
343.636 298.462 1198.82
338.928 388.542 1199.11
335.17 476.883 1199.43
331.235 565.811 1199.74
305.747 -163.213 1194.4
300.874 -70.4206 1194.69
296.467 22.038 1195
291.38 115.931 1195.29
287.88 206.761 1195.64
283.023 299.284 1195.93
279.308 390.007 1196.27
275.318 481.772 1196.6
271.322 572.475 1196.92
859.993 -36.2873 803.302
909.194 12.2445 744.987
952.972 61.0045 691.576
998.903 104.348 637.673
1044.73 150.66 583.052
1090.69 194.825 528.898
1135.78 240.316 475.178
1180.7 284.433 421.996
1225.7 329.16 368.565
819.283 36.2594 820.758
863.275 85.3456 767.062
909.846 128.496 712.625
955.96 175.266 657.619
1001.92 219.001 603.585
1047.84 264.413 549.128
1092.98 308.913 495.633
1138.46 353.36 441.842
1183.6 397.793 388.36
772.974 109.545 843.139
821.865 152.106 786.739
866.311 200.138 732.916
912.476 243.587 678.769
958.879 289.45 623.746
1004.52 333.844 569.82
1050.66 378.532 515.363
1095.97 422.771 461.778
1141.45 467.319 407.965
726.683 177.022 867.091
776.056 224.794 808.826
824.251 267.643 752.985
869.24 313.613 699.228
915.514 358.487 644.592
961.883 403.216 589.91
1007.49 448.091 535.89
1053.46 492.636 481.616
1098.97 536.82 427.875
685.073 249.216 885.468
733.833 292.533 828.981
778.959 338.439 775.115
826.165 383.328 719.622
872.315 428.933 664.901
918.817 473.326 610.189
964.696 517.509 556.105
1010.76 562.115 501.739
1056.48 606.254 447.811
642.087 317.562 906.155
688.007 363.688 851.502
735.278 408.76 795.9
782.092 454.32 740.583
829.098 498.938 685.347
875.259 543.545 630.889
921.664 587.762 576.313
967.641 631.936 522.142
1013.66 676.292 467.88
1145.77 603.374 255.622
1127.03 662.638 215.381
1103.36 724.792 178.804
1081.97 786.529 139.492
1059.18 850.794 99.3178
1036.42 915.768 58.309
1012.61 982.598 16.676
988.842 1050.04 -25.6898
964.355 1119.63 -69.4711
1095.76 616.348 311.219
1071.31 678.107 276.18
1051.55 739.012 235.531
1026.93 802.298 199.02
1004.81 865.653 158.918
981.066 931.026 118.84
957.023 997.429 78.0195
932.658 1065.48 35.8004
907.833 1134.7 -7.08344
1040.62 631.269 371.83
1020.64 691.557 332.174
995.604 754.071 297.12
973.782 815.891 258.329
950.257 879.972 219.389
925.887 946.047 179.396
901.26 1012.77 139.036
876.409 1080.43 97.9412
851.286 1149.64 55.4868
990.319 644.527 427.526
965.046 706.657 393.23
944.081 767.734 354.071
918.283 831.88 318.246
895.611 895.206 278.957
870.469 961.173 240.169
845.447 1027.52 200.79
820.174 1095.97 159.388
794.336 1165.62 117.443
934.811 660.086 487.94
913.923 720.059 449.913
888.282 783.013 415.206
865.413 844.996 377.702
840.665 909.789 339.68
815.364 975.553 301.341
790.168 1042.67 261.342
763.995 1111.36 220.942
737.309 1181.02 180.172
883.516 670.729 547.961
860.402 733.033 510.44
836.035 796.665 473.185
811.129 859.588 437.483
785.791 924.503 400.151
760.584 990.303 361.642
734.129 1058.01 322.743
707.532 1126.45 283.22
680.435 1196.13 243.007
1193.16 1021.86 -339.512
1149.48 1056.36 -339.358
1104.01 1092.3 -339.24
1057.79 1129.15 -340.06
1009.32 1167.53 -340.148
958.815 1207.65 -340.632
906.297 1249.26 -340.803
851.693 1292.75 -341.642
794.356 1338.01 -341.321
1173.71 1012.05 -266.083
1128.84 1046.96 -264.362
1085.17 1081.51 -264.346
1038.4 1118.03 -262.937
990.279 1155.77 -261.955
939.448 1195.52 -260.621
887.268 1236.42 -259.493
832.026 1279.47 -257.588
775.824 1323.71 -256.911
1155.21 1002.41 -195.323
1111.04 1036.53 -192.914
1065.1 1071.6 -189.182
1019.84 1106.88 -187.661
970.674 1144.64 -184.315
920.977 1183.21 -182.145
868.356 1223.82 -179.165
814.21 1265.68 -176.29
756.99 1309.73 -172.74
1135.96 993.536 -125.067
1093.31 1026.05 -121.454
1047.87 1060.52 -117.158
1000.12 1096.6 -112.187
952.922 1132.98 -109.406
902.318 1171.45 -104.823
850.382 1211.1 -100.613
796.042 1252.62 -96.3386
739.202 1295.86 -91.2838
1116.15 984.577 -53.2678
1074.22 1016.95 -50.9075
1029.94 1050.27 -45.9303
982.851 1085.67 -40.5069
934.403 1121.96 -34.5636
884.418 1159.64 -29.1371
831.992 1199.09 -23.2025
777.828 1239.85 -17.1205
721.681 1282.19 -11.0374
1099.06 975.58 12.3673
1055.11 1007.54 20.5759
1011.54 1040.48 25.0233
965.648 1074.67 31.2115
916.545 1111.05 38.4203
866.42 1148.22 45.6579
814.269 1186.98 52.9664
760.656 1227.03 59.8729
704.054 1268.96 68.1808
429.706 1410.31 -455.21
409.262 1411.07 -410.047
388.251 1411.94 -364.194
365.788 1413.01 -316.081
342.48 1413.98 -265.303
317.812 1415.21 -212.869
292.289 1416.27 -157.216
265.05 1417.6 -99.1187
236.905 1418.8 -37.9781
472.709 1386.33 -398.136
454.208 1386.2 -351.659
433.905 1387 -307.081
412.929 1387.35 -257.779
390.794 1387.97 -207.445
367.946 1388.39 -154.02
344.021 1388.85 -98.2505
318.521 1389.52 -39.9311
292.404 1389.84 22.183
514.867 1362.75 -341.65
496.511 1363.07 -298.637
477.917 1362.75 -250.662
458.14 1362.86 -202.686
437.57 1362.75 -151.247
416.163 1362.61 -97.5385
393.97 1362.28 -40.6325
370.297 1362.23 18.0383
346.004 1361.8 80.8248
555.249 1340.64 -290.879
538.155 1340.13 -245.247
521.011 1339.34 -197.668
502.213 1338.98 -148.881
483.237 1338.07 -95.9781
463.134 1337.46 -42.2773
442.551 1336.54 14.67
420.332 1336.01 73.046
397.358 1335.05 136.142
595.098 1318.23 -236.658
578.989 1317.67 -193.193
562.278 1316.76 -145.841
545.237 1315.55 -95.6383
527.554 1314.32 -43.6494
509.019 1313.03 10.769
489.43 1311.76 67.6619
469.283 1310.2 127.866
447.79 1308.93 189.471
632.954 1297.5 -189
619.087 1295.4 -140.555
603.058 1294.36 -94.0193
587.15 1292.72 -43.6679
570.381 1291.07 8.84653
553.085 1289.39 62.9331
534.938 1287.58 119.925
516.094 1285.52 180.361
496.415 1283.5 242.593
1358.25 314.751 763.889
1327.01 315.891 836.112
1299.42 310.973 901.132
1272.11 312.581 964.117
1245.85 310.657 1025.43
1221.52 309.796 1082.05
1196.63 309.731 1139.78
1173.33 310.482 1193.65
1151.12 309.17 1245.44
1368.25 223.938 760.145
1338.21 223.396 829.911
1310.84 224.947 893.058
1282.52 226.943 958.315
1257.09 227.458 1017.18
1231.12 229.526 1076.95
1207.33 230.484 1131.92
1183.76 231.838 1186.29
1161.69 232.758 1237.26
1378.31 134.144 756.011
1347.75 140.804 825.461
1319.92 140.78 890.003
1293.44 143.715 950.784
1266.68 147.178 1012.1
1241.85 149.022 1069.28
1217.3 152.82 1125.41
1194.25 154.665 1178.47
1171.41 157.814 1230.76
1389.74 46.7033 748.219
1358.67 53.0092 818.916
1330.62 57.4267 883.022
1302.92 62.572 946.172
1277.26 66.0666 1004.93
1251.52 71.4194 1063.48
1227.53 75.0927 1118.33
1203.89 79.5535 1172.18
1181.46 83.6694 1223.33
1398.36 -37.4148 746.23
1369 -30.9432 812.923
1340.26 -23.7669 878.044
1312.87 -17.646 940.244
1286.66 -11.8169 999.796
1261.32 -5.87334 1057.28
1237.07 -0.814011 1112.44
1213.75 4.85103 1165.31
1191.15 10.2475 1216.57
1407.9 -121.087 742.005
1378.43 -113.244 808.667
1349.99 -105.08 872.876
1322.64 -97.1443 934.593
1296.43 -89.5782 993.769
1271.14 -82.5972 1050.91
1246.83 -75.4726 1105.77
1223.49 -69.0865 1158.53
1201.09 -62.3412 1209.03
1067.72 -352.105 1072.74
993.557 -332.37 1095.55
921.583 -313.174 1117.73
851.785 -294.354 1139.38
782.915 -276.22 1160.42
716.268 -258.181 1181.15
651.635 -241.237 1200.84
588.111 -224.328 1220.38
525.413 -208.249 1239.21
1032.22 -414.417 1028.95
958.743 -393.442 1052.63
887.147 -373.207 1075.56
818.161 -353.609 1097.72
749.833 -335.053 1119.03
682.724 -316.628 1140.1
618.855 -298.175 1160.86
554.853 -281.698 1180.12
494.72 -263.833 1200.04
996.162 -475.814 985.908
924.601 -455.635 1008.79
852.159 -433.775 1033.04
783.587 -413.531 1055.65
714.461 -394.498 1077.4
650.229 -374.086 1099.69
585.133 -356.417 1119.98
523.868 -337.372 1140.91
462.722 -319.726 1160.77
960.97 -537.173 942.807
888.863 -514.991 967.27
817.751 -493.079 991.422
750.301 -472.326 1014.31
683.413 -453.349 1035.78
615.915 -432.856 1058.47
554.055 -412.48 1080.48
491.494 -393.904 1101.2
432.271 -375.91 1121.12
924.147 -598.88 899.612
854.704 -577.082 923.503
781.786 -554.284 948.52
716.057 -531.93 972.446
647.699 -511.025 995.542
585.441 -490.888 1017.41
521.436 -469.591 1040.35
460.587 -450.397 1061.36
399.968 -431.011 1082.49
889.87 -660.016 856.586
817.049 -636.916 881.823
749.347 -612.992 907.152
680.274 -590.96 931.183
616.127 -568.591 954.955
551.34 -547.664 977.694
490.079 -527.129 999.765
428.259 -506.154 1022.23
369.457 -485.904 1043.83
719.356 -671.761 1247.13
640.36 -674.976 1261.18
563.053 -677.237 1275.92
486.216 -679.334 1290.73
409.949 -682.197 1304.56
335.165 -684.068 1319.17
260.642 -686.501 1333.09
187.117 -688.575 1347.19
114.384 -690.615 1361.15
708.635 -726.94 1188.18
629.178 -727.819 1204.93
551.831 -730.143 1219.6
474.68 -732.372 1234.34
399.096 -734.135 1249.24
322.604 -736.922 1263.21
249.698 -738.32 1277.92
175.203 -740.628 1291.98
102.619 -742.129 1306.51
696.024 -779.202 1132.89
616.126 -780.334 1149.46
538.58 -783.99 1162.69
465.212 -785.608 1177.27
386.525 -787.418 1192.81
313.061 -788.967 1207.48
237.326 -790.702 1222.45
164.208 -791.89 1237.44
90.2538 -794.264 1251.3
683.142 -831.857 1077.22
606.431 -834.4 1091.51
530.242 -837.007 1105.61
450.429 -838.72 1121.52
377.054 -839.93 1136.54
299.666 -841.437 1152.13
226.719 -842.454 1167.28
151.959 -844.125 1182.1
79.5685 -844.988 1197.29
672.846 -886.65 1018.6
593.574 -887.145 1035.74
515.464 -890.325 1049.63
440.696 -890.61 1066
363.432 -892.884 1080.71
289.24 -893.124 1097
214.524 -894.518 1112.12
141.386 -895.587 1127.25
68.0386 -896.776 1142.29
659.799 -939.404 962.865
581.694 -942.64 976.694
505.309 -942.542 993.846
427.993 -944.317 1009.12
352.788 -944.766 1025.4
277.315 -945.926 1040.95
203.568 -946.732 1056.51
129.534 -947.528 1072.15
56.9078 -948.623 1087.13
388.697 322.161 7.58911
351.426 278.15 53.7437
312.83 232.492 101.563
273.417 185.683 150.443
232.956 137.526 200.652
191.206 88.3799 252.312
148.59 38.0852 305.079
104.845 -14.5328 359.514
59.8078 -68.0121 415.368
434.277 285.225 -24.0566
397.1 239.504 22.4797
358.214 192.13 71.0323
318.161 143.342 121.04
277.346 93.5857 172.01
235.37 42.6643 224.362
192.146 -9.83102 278.286
147.856 -64.2785 333.721
102 -119.733 390.864
482.953 246.099 -57.9395
444.897 198.614 -10.1165
405.949 149.097 39.0789
365.161 99.3922 90.0101
324.327 47.7986 141.5
282.41 -5.88181 194.552
238.253 -60.0903 249.798
193.184 -116.174 306.393
146.862 -174.169 364.658
533.43 204.856 -92.8929
495.411 155.706 -44.6483
456.046 104.611 5.36011
415.371 52.2161 56.9229
373.569 -1.44357 109.863
330.875 -56.4564 163.99
286.545 -113.087 220.058
241.27 -171.221 277.401
194.514 -231.371 336.652
586.501 161.597 -129.67
548.445 110.295 -80.8042
508.519 57.8338 -29.9094
467.84 2.72855 22.3979
425.803 -52.7706 76.0571
382.254 -109.754 131.505
338.048 -168.945 188.159
291.829 -229.418 247.005
244.555 -292.739 307.597
642.108 116.004 -168.133
603.749 62.6452 -118.427
563.97 8.12283 -67.1028
522.905 -48.3842 -14.059
480.623 -106.52 40.5439
436.985 -166.398 96.865
391.94 -228.076 154.966
345.617 -291.654 214.757
297.479 -357.571 276.848
216.834 447.161 55.283
226.534 407.139 86.6081
235.899 365.184 120.573
245.927 320.447 156.732
257.064 273.095 194.272
268.751 222.672 234.487
280.966 169.241 277.337
294.239 111.963 323.024
308.045 50.7504 372.379
254.211 451.55 -2.08875
264.685 411.266 28.4445
275.53 368.768 60.944
287.028 323.871 95.2189
299.919 275.592 131.338
312.516 224.622 170.891
326.621 170.157 212.25
341.676 111.868 256.572
357.566 49.5584 304.235
292.73 456.407 -61.5872
304.148 415.747 -31.9557
316.198 372.56 -0.37384
329.72 326.962 31.8488
343.339 278.263 67.4176
357.845 226.332 105.369
373.939 171.116 144.783
390.749 111.99 187.582
408.865 48.7166 233.203
331.965 462.121 -123.052
344.826 420.306 -94.1488
358.491 376.302 -63.9167
373.255 330.046 -32.6961
388.825 280.766 0.785767
405.392 227.976 36.812
423.049 171.863 75.0397
441.844 111.89 116.002
462.045 47.5068 159.946
372.393 466.576 -184.777
386.85 424.953 -158.329
402.144 380.515 -129.894
418.489 333.269 -99.7834
435.815 283.109 -67.7756
454.173 229.804 -33.6837
473.795 172.931 2.63873
494.699 111.881 41.8525
517.238 45.9566 84.246
414.134 471.95 -249.377
430.102 429.523 -224.147
447.052 384.467 -197.342
465.075 336.814 -169.127
484.348 285.782 -138.872
504.468 231.722 -106.406
526.26 173.618 -71.7451
549.523 111.598 -34.7523
575.023 44.0107 5.35297
512.964 -284.58 782.999
533.394 -234.308 724.865
552.694 -187.663 670.127
571.018 -141.897 617.842
588.51 -98.4508 567.982
605.357 -58.2787 520.317
621.053 -18.5819 475.425
636.28 18.6517 432.147
650.797 53.6028 391.003
496.694 -211.355 805.062
517.92 -162.291 745.342
538.09 -116.163 688.697
557.194 -71.6699 634.875
575.444 -29.453 583.521
592.713 10.6824 534.886
609.173 48.5627 488.61
624.706 85.3397 444.72
639.704 119.722 402.584
479.673 -136.131 828.442
501.874 -87.6818 766.591
522.846 -42.1481 708.214
542.809 1.57776 652.565
561.673 42.9199 599.973
579.727 81.2355 549.907
596.679 118.344 502.656
612.925 153.927 457.368
628.416 187.991 414.155
461.87 -56.0248 852.59
485.009 -8.86414 788.84
506.929 35.5033 728.513
527.69 77.4176 671.4
547.475 117.697 616.901
566.095 154.981 565.743
583.879 190.776 516.842
600.664 225.607 470.465
616.788 257.571 426.234
443.357 27.8163 877.584
467.547 73.1024 811.799
490.352 116.228 749.687
512.008 156.874 690.77
532.489 195.213 635.071
551.826 231.487 582.466
570.292 266.371 532.18
587.837 299.302 484.446
604.484 330.573 439.151
424.236 114.199 903.447
449.361 158.444 835.715
473.167 199.944 771.63
495.743 239.151 710.887
517.033 276.204 653.586
537.203 310.764 599.417
556.356 344.063 547.875
574.649 375.508 498.725
591.921 405.939 452.16
39.1758 -248.213 229.337
113.018 -247.325 222.284
184.66 -245.883 215.883
255.631 -244.45 209.546
325.17 -243.057 203.328
394.412 -241.79 197.044
462.062 -240.308 191.092
528.618 -239.003 185.119
593.848 -237.647 179.324
44.0555 -203.08 263.24
118.599 -201.882 256.349
192.58 -200.888 249.362
264.55 -200.012 242.495
335.878 -199.199 235.648
406.21 -197.971 229.221
475.108 -197.009 222.741
542.816 -195.513 216.793
609.64 -194.831 210.317
49.0173 -155.411 299.067
124.944 -154.898 291.509
199.984 -154.572 283.902
274.079 -153.71 276.802
346.977 -152.976 269.73
418.973 -152.628 262.458
488.174 -152.085 255.627
557.848 -151.05 249.122
625.922 -150.506 242.409
53.7747 -106.218 336.078
131.504 -105.88 328.198
208.114 -105.713 320.305
283.841 -105.073 312.865
358.479 -105.164 304.982
431.698 -104.603 297.743
503.448 -104.614 290.223
573.945 -104.373 283.026
642.938 -104.203 275.933
58.4844 -53.8972 375.479
138.308 -54.1873 366.901
216.876 -54.561 358.39
293.826 -54.5103 350.373
370.372 -54.4333 342.418
445.301 -54.8741 334.237
518.146 -55.3976 326.211
589.949 -55.5222 318.599
660.796 -55.491 311.206
64.5695 0.573486 416.375
146.022 -0.19751 407.259
226 -0.752258 398.463
305.43 -1.33997 389.699
383.308 -1.91913 381.104
459.023 -2.76141 372.535
533.72 -3.55597 364.109
607.112 -4.48743 355.715
678.964 -5.22729 347.629
-0.459793 -505.857 357.756
66.6064 -498.234 351.267
134.417 -490.404 344.843
202.935 -482.498 338.344
272.144 -474.223 332.102
342.749 -465.658 325.872
413.572 -457.292 319.371
486.156 -448.852 312.559
558.638 -440.3 305.895
-13.2306 -470.308 400.128
54.8079 -462.453 393.68
124.375 -454.144 387.396
194.581 -445.639 381.187
265.683 -437.489 374.384
336.663 -428.803 368.203
409.675 -419.694 362.039
483.272 -410.752 355.561
557.843 -402.01 348.641
-26.3938 -434.048 443.377
43.1958 -425.523 437.328
114.018 -416.923 431.087
185.711 -408.287 424.693
257.965 -398.824 419.092
330.879 -389.997 412.636
405.706 -380.957 405.992
480.507 -371.445 399.877
556.987 -361.974 393.343
-40.4764 -396.119 488.687
30.5749 -386.914 483.067
102.904 -378.016 476.823
176.501 -368.437 471.051
250.335 -359.21 464.835
325.386 -349.862 458.483
400.803 -339.884 452.748
477.702 -330.246 446.306
555.941 -320.096 440.134
-54.5388 -356.123 536.29
18.2198 -346.976 530.226
91.2746 -336.929 525.096
166.741 -327.414 518.837
242.256 -317.168 513.379
318.947 -306.975 507.599
395.974 -297.23 501.248
474.979 -286.559 495.483
554.04 -276.733 488.767
-68.8063 -314.559 585.683
4.79167 -304.14 580.845
79.6479 -294.325 575.055
156.462 -283.7 569.729
233.629 -273.022 564.383
312.126 -262.703 558.342
391.46 -252.144 552.38
472.074 -241.065 546.71
553.312 -230.17 540.696
432.538 500.585 1402.18
372.523 445.924 1472.07
314.128 394.7 1539.54
258.148 343.284 1604.85
204.157 293.813 1667.81
151.053 245.474 1729.65
100.011 198.655 1789.18
50.4413 153.52 1846.9
1.9848 109.455 1903.32
460.27 393.242 1406.12
399.412 338.022 1476.93
339.545 287.448 1545.57
282.645 236.703 1611.54
226.612 189.209 1675.83
172.783 140.609 1738.4
120.769 94.7432 1798.56
69.566 51.1958 1857.35
19.7379 7.67386 1914.87
489.496 282.139 1409.71
426.438 229.041 1481.96
365.708 178.266 1551.45
306.898 128.609 1618.87
249.916 80.1678 1684.28
194.474 33.8806 1747.7
141.645 -11.863 1808.58
89.1796 -54.4431 1868.25
38.5644 -98.3174 1926.59
518.932 166.254 1414.42
454.671 115.22 1487.21
392.371 64.4759 1558.13
332.162 15.7215 1626.58
273.673 -31.3369 1693
217.243 -76.9111 1757.12
162.594 -120.527 1819.08
109.046 -164.146 1880.04
57.0214 -205.556 1938.99
550.623 44.5337 1418.66
484.404 -4.54172 1492.71
420.674 -54.167 1564.63
358.412 -100.932 1634.42
298.818 -147.623 1701.75
240.792 -191.098 1766.76
184.554 -234.328 1830.07
129.385 -276.428 1892.09
76.1164 -317.382 1952.06
582.552 -78.5312 1423.05
514.977 -128.172 1498.49
449.675 -175.234 1571.15
385.777 -222.541 1642.59
324.664 -267.456 1710.82
265.378 -310.868 1776.97
207.496 -352.293 1841.3
151.42 -394.066 1904.06
96.2404 -432.766 1965.16
609.526 864.649 1241.22
619.369 781.403 1320.87
630.237 697.686 1399.62
639.949 614.898 1478.94
650.121 530.419 1559.52
661.443 444.653 1639.93
671.175 360.696 1720.53
681.78 273.894 1803.11
692.584 187.081 1885.42
674.612 824.703 1194.74
685.627 740.248 1274.11
695.82 654.664 1355.9
706.729 569.374 1436.35
717.543 483.054 1518.1
727.875 397.083 1600.13
739.575 309.982 1681.5
750.122 222.255 1765.2
760.833 133.886 1849.39
742.107 783.686 1146.09
753.861 696.572 1227.41
763.836 610.615 1309.93
775.885 522.588 1391.85
786.539 435.329 1474.87
798.279 346.496 1558.14
809.412 258.48 1641.34
821.013 168.678 1725.89
832.459 78.0406 1811.59
811.953 740.068 1097.07
823.399 652.21 1179.65
834.777 563.766 1262.99
846.495 474.795 1346.44
857.985 385.58 1430.49
869.765 295.251 1515.37
881.829 204.965 1599.82
893.485 113.521 1686.13
905.392 21.6371 1772.59
884.084 695.827 1045.53
896.022 606.318 1129.28
908.416 515.681 1213.65
919.985 424.97 1299.27
932.619 333.534 1384.2
945.281 240.983 1470.35
956.708 149.55 1556.97
969.665 55.943 1643.89
981.036 -37.4569 1732.8
959.494 649.797 991.406
972.274 557.752 1076.82
985.267 465.422 1162.25
997.439 372.663 1249.32
1009.61 279.778 1336.53
1023.14 185.312 1423.61
1036.15 91.306 1510.9
1048.11 -3.85852 1600.97
1061.55 -100.35 1690.45
875.171 1090.3 1179.78
919.373 1035.89 1236.41
965.98 977.956 1297.81
1014.41 918.068 1360.69
1065.37 855.302 1426.12
1118.71 789.793 1494.03
1173.77 721.392 1566.44
1232.46 649.225 1641.45
1293.02 573.614 1722.18
910.686 1090.87 1096.19
956.818 1034.55 1153.99
1004.73 976.6 1212.4
1054.67 916.121 1273.5
1106.9 852.508 1338.49
1160.79 787.027 1405.07
1217.7 717.848 1475.46
1277.88 645.1 1548.73
1339.94 569.035 1627.31
947.824 1090.31 1012.18
994.706 1034 1068.2
1044.15 975.253 1125.41
1095.54 914.256 1184.69
1148.47 850.499 1248.48
1205.14 783.07 1314.31
1262.93 713.904 1382.64
1324.23 640.335 1455.72
1388.61 563.436 1531.39
985.206 1090.34 925.915
1033.69 1033.37 980.134
1083.89 974.189 1036.88
1136.46 912.464 1095.55
1191.32 847.945 1157.1
1248.93 780.397 1221.13
1308.46 710.147 1288.61
1371.6 636.17 1358.63
1437.74 558.029 1433.86
1022.85 1090.49 838.65
1072.61 1032.77 892.14
1124.22 973.204 946.749
1178.11 910.711 1004.61
1234.34 845.6 1064.73
1293.72 777.084 1127.49
1355.51 705.607 1193.33
1420.03 630.953 1262.14
1488.28 552.436 1333.61
1061.65 1090.47 749.241
1112.43 1032.32 801.613
1165.32 971.887 855.808
1221.07 908.811 911.078
1278.97 842.859 969.787
1339.74 773.728 1031.16
1403.19 701.583 1095.11
1469.98 625.798 1161.98
1539.64 546.722 1231.83
1475.55 1082.67 1064.84
1536.95 1059.97 1067.83
1494.35 1088.61 978.144
1432.94 1111.3 975.151
1603.89 1034.16 1078.47
1558.19 1064.91 981.947
1514.93 1094.67 886.233
1450.2 1118.3 885.038
1393.67 1138.99 883.666
1410.92 1145.99 793.553
1351.06 1167.62 793.978
1471.67 1124.42 790.519
1428.41 1154.18 694.805
1366.77 1175.68 700.447
1310.89 1195.25 705.101
1322.62 1205.38 607.341
1268.29 1223.88 615.413
1384.26 1183.87 601.699
1492.49 1131.67 689.974
1446.8 1162.42 593.45
1607.8 1075.27 789.315
1561.45 1107.15 686.764
1537.3 1100.85 789.107
1514.21 1138.97 586.821
1633.73 1081.69 681.757
1585.84 1114.64 575.787
1761.22 1020.29 785.149
1713.33 1053.23 679.18
1680.08 1049.81 784.307
1662.34 1088.3 566.375
1798.04 1023.94 669.591
1744.61 1060.01 555.975
1939.26 956.464 780.454
1885.83 992.533 666.838
1846.58 989.879 781.586
1831.76 1029.73 547.196
1994.22 919.331 897.489
1900 953.809 895.202
1811.55 986.343 891.929
2037.24 888.394 1001.84
1955.21 917.86 1003.6
1850.59 957.47 992.048
1730.41 1015.87 891.087
1780.74 981.925 997.866
1655.04 1043.45 889.258
1816.69 955.177 1091.15
1698.95 1012.57 990.998
1747.74 979.692 1094.36
1582.1 1070.03 888.239
1626.91 1039.21 987.371
1670.16 1009.46 1083.09
542.778 -1586.11 657.098
635.835 -1581.62 641.32
725.599 -1576.6 626.874
811.426 -1572.6 612.179
894.245 -1568.23 598.55
974.722 -1564.54 584.695
1052.14 -1560.64 571.766
1127.99 -1556.55 559.381
1200.45 -1553.05 547.107
591.11 -1520.14 719.65
683.537 -1517.05 702.464
773.951 -1512.92 686.882
860.158 -1509.38 671.584
943.338 -1506.62 656.096
1023.76 -1503.64 641.468
1102.2 -1500.2 627.789
1176.62 -1498.21 613.399
1249.38 -1494.93 600.812
640.631 -1451.88 784.49
733.914 -1449.37 766.467
823.776 -1447.08 748.968
910.04 -1444.69 732.381
993.704 -1442.75 715.863
1074.78 -1440.64 700.128
1153.22 -1438.64 684.842
1227.21 -1437.45 669.654
1300.57 -1435 656.015
692.044 -1381.76 850.983
784.643 -1380.92 831.257
874.918 -1379.98 812.159
961.87 -1378.68 794.197
1046.32 -1377.34 776.849
1126.98 -1376.37 759.929
1204.67 -1375.69 743.35
1279.14 -1375.23 727.249
1352.22 -1374.25 712.032
744.495 -1309.57 919.53
837.537 -1310.2 898.079
927.758 -1310.48 877.636
1015.46 -1310.53 858.012
1098.9 -1311.21 838.636
1180 -1310.99 820.789
1257.63 -1311.6 802.782
1332.38 -1311.94 785.725
1406.04 -1312.04 769.184
797.76 -1235.47 990.026
892.022 -1236.78 967.538
982.772 -1238.89 944.951
1069.65 -1240.47 923.809
1153.38 -1242.32 903.065
1234.33 -1243.79 883.379
1312.06 -1245.37 864.275
1387.83 -1246.64 845.956
1460.03 -1248.47 827.814
415.799 341.314 -208.415
392.028 307.722 -177.469
367.289 273.106 -145.357
342.007 237.02 -112.345
315.673 199.644 -78.0181
288.151 161 -42.2571
259.754 120.786 -5.26563
230.027 78.7647 33.4379
199.954 35.7442 72.7307
458.64 318.31 -241.36
434.951 283.47 -210.148
411.313 247.442 -178.657
385.563 210.313 -144.933
359.571 171.851 -110.622
332.405 131.934 -74.8385
304.202 90.2324 -37.6182
274.713 47.1565 1.15479
244.495 2.30153 41.0825
502.81 294.186 -275.215
479.522 258.287 -244.08
455.423 221.209 -211.882
430.566 182.948 -178.666
404.981 143.048 -144.334
377.948 101.945 -108.349
350.098 58.7562 -71.0459
321.45 13.8999 -32.5559
291.139 -32.4031 7.85229
549.411 269.047 -311.019
526.127 232.292 -279.654
502.421 193.721 -247.408
477.643 154.058 -213.881
452.174 112.993 -179.337
425.913 70.228 -143.605
398.306 25.7401 -106.169
369.567 -20.4609 -67.2283
339.816 -68.9214 -26.7437
597.119 242.803 -347.535
574.338 204.813 -316.293
551.131 165.324 -284.253
526.761 124.383 -250.75
501.841 81.7017 -216.268
475.643 37.4657 -180.191
448.417 -8.72411 -142.639
420.182 -56.8934 -103.622
390.706 -106.54 -63.0652
647.037 215.537 -385.795
624.807 176.439 -354.756
601.897 135.415 -322.568
578.167 92.8147 -289.197
553.208 48.7439 -254.3
527.624 2.8329 -218.328
501.095 -44.7925 -181.022
473.092 -94.7425 -141.731
444.206 -146.516 -101.133
160.385 468.184 -165.592
169.129 446.189 -153.165
200.135 454.76 -206.292
188.578 473.214 -210.796
179.491 419.036 -137.218
208.101 430.093 -189.775
242.399 437.733 -246.474
228.865 464.699 -257.762
188.835 391.449 -119.354
220.857 400.456 -174.397
254.018 408.778 -230.268
287.058 418.22 -287.227
272.027 449.224 -300.947
262.025 473.022 -313.633
220.121 486.694 -270.188
306.324 456.864 -357.647
292.91 482.711 -367.847
318.601 431.7 -346.619
354.933 440.209 -407.15
340.382 466.74 -416.522
325.951 492.153 -424.806
312.537 518 -435.005
280.634 507.876 -378.875
301.729 390.57 -276.768
335.667 401.565 -336.73
373.017 410.508 -399.177
353.093 368.074 -323.578
388.946 381.057 -388.459
329.636 328.809 -246.582
370.519 334.584 -310.427
316.76 359.565 -263.047
409.784 345.516 -377.794
389.082 300.41 -298.105
366.586 252.198 -212.409
408.246 260.645 -280.345
348.68 290.162 -229.91
326.063 243.068 -145.301
310.432 279.665 -164.459
294.921 315.143 -182.529
258.588 306.634 -121.998
279.53 349.503 -199.512
245.472 339.627 -140.638
288.952 231.888 -80.6795
271.944 271.405 -101.183
249.327 224.311 -16.5753
234.594 262.461 -38.7361
222.375 297.007 -60.3792
210.277 330.435 -80.9351
231.219 373.303 -158.449
199.556 360.942 -100.145
266.534 381.378 -217.065
334.708 -394.61 879.187
352.013 -347.172 828.908
368.442 -301.747 781.09
384.535 -258.22 734.457
399.93 -215.752 689.67
414.753 -174.702 646.512
429.237 -134.677 604.359
443.43 -96.2069 563.213
457.015 -58.6226 523.668
318.387 -346.15 906.67
336.195 -298.936 855.271
353.517 -253.082 805.29
369.93 -208.96 757.788
385.952 -167.096 711.674
401.255 -126.106 667.417
416.187 -86.1513 624.242
430.793 -47.5147 582.102
444.838 -9.69856 541.441
301.281 -295.742 935.554
319.726 -248.453 882.664
337.622 -202.48 831.326
354.665 -158.915 782.481
371.244 -117.03 735.071
387.3 -75.4696 688.947
402.646 -35.4306 644.793
417.68 3.1884 601.665
432.28 40.3969 559.847
283.582 -243.023 965.321
302.733 -195.511 910.743
321.243 -150.169 858.117
338.967 -106.513 807.675
356.063 -63.5294 758.831
372.696 -22.9698 711.582
388.664 17.1182 665.974
404.369 55.0204 621.444
419.223 92.7677 578.923
264.784 -187.404 997.016
285.006 -140.698 940.127
304.151 -95.5159 886.063
322.581 -50.9625 833.79
340.294 -8.93159 783.72
357.453 32.0558 735.16
374.044 71.771 688.186
390.203 109.932 642.549
405.813 146.222 598.583
245.426 -130.143 1029.66
266.289 -82.8333 971.154
286.215 -37.6463 915.276
305.461 6.00993 861.303
324.022 47.8825 809.301
341.792 88.8643 759.324
359.003 128.327 710.967
375.632 166.195 664.303
391.719 202.622 619.202
-47.7597 -131.402 157.86
11.4863 -128.072 154.197
69.8646 -125.14 150.32
128.029 -122.354 146.356
186.142 -119.272 142.622
243.836 -116.169 138.948
301.245 -113.334 135.099
358.95 -110.311 131.362
415.952 -107.611 127.453
-54.7283 -94.9723 186.367
5.44861 -91.6408 182.607
65.2279 -89.1375 178.257
124.668 -85.8627 174.531
183.889 -82.9787 170.531
242.596 -79.9616 166.685
301.222 -76.9004 162.881
359.833 -73.9554 158.99
418.144 -70.9254 155.196
-61.9393 -57.2572 215.879
-0.61731 -54.1192 211.852
60.7415 -50.7539 207.994
120.867 -48.0536 203.758
181.32 -45.2886 199.537
240.955 -42.2002 195.649
301.328 -39.0649 191.719
361.034 -36.2919 187.583
420.317 -33.4197 183.566
-69.6711 -17.7668 246.799
-6.8371 -14.6391 242.606
55.5814 -11.7308 238.289
117.271 -8.92578 233.969
178.647 -5.89789 229.852
239.826 -3.10437 225.577
300.985 0.132019 221.642
362.059 2.94275 217.391
422.857 5.73889 213.158
-77.6646 23.5969 279.175
-13.6483 26.3342 274.56
49.8947 29.0601 269.986
113.293 31.9143 265.525
176.09 34.9924 261.298
238.677 38.0617 257.086
300.96 40.7387 252.606
363.202 43.791 248.417
425.334 46.8574 244.251
-86.2163 66.2389 312.584
-20.79 69.0831 307.903
44.519 71.93 303.237
109.445 74.6349 298.502
173.25 77.6267 294.103
237.503 80.5482 289.604
300.781 83.347 285.113
364.922 86.2931 280.645
427.858 89.2517 276.311
-120.781 -378.472 322.969
-70.9722 -370.735 320.457
-20.3994 -362.93 317.851
31.6163 -354.899 315.173
84.989 -346.849 312.214
139.818 -338.465 309.302
195.746 -329.984 306.253
252.969 -321.183 303.269
310.728 -312.368 300.183
-141.329 -350.698 358.431
-90.3294 -342.77 355.866
-38.8292 -334.462 353.613
13.9294 -326.124 351.11
68.0179 -317.415 348.725
123.53 -308.664 346.068
180.224 -299.557 343.544
238.441 -290.209 340.947
297.581 -280.783 338.231
-161.343 -322.564 394.176
-110.279 -313.83 392.491
-57.9638 -305.185 390.43
-4.37489 -296.227 388.433
50.2523 -286.92 386.591
106.476 -277.504 384.516
164.475 -267.819 382.342
223.315 -258.026 380.102
283.617 -247.933 377.867
-182.679 -293.036 431.764
-130.637 -283.995 430.204
-77.5586 -274.721 428.671
-23.5958 -265.319 427.083
32.4826 -255.673 425.295
89.2125 -245.354 424.11
148.004 -235.155 422.331
207.902 -224.842 420.433
269.242 -214.19 418.589
-205.229 -262.32 470.944
-152.273 -252.697 469.827
-98.652 -242.969 468.678
-43.2873 -232.97 467.442
13.2442 -222.644 466.308
71.0901 -211.942 465.3
130.86 -201.111 464.006
191.545 -190.03 462.785
253.817 -178.883 461.284
-228.141 -230.548 511.379
-174.455 -220.265 510.833
-119.716 -210.018 510.011
-63.7772 -199.399 509.336
-6.58436 -188.571 508.614
52.4713 -177.324 507.942
113.095 -165.693 507.346
175.074 -154.078 506.43
238.2 -142.26 505.485
592.286 365.46 399.877
531.732 299.471 473.358
471.45 234.999 546.176
411.2 170.053 619.093
351.298 105.785 691.507
291.294 40.556 764.277
231.451 -23.9872 836.711
171.32 -89.0289 909.545
111.26 -153.57 982.179
633.33 306.222 378.479
570.043 238.782 454.859
507.532 171.511 530.482
445.149 104.482 605.922
382.653 37.6169 681.421
320.914 -29.7711 756.369
258.887 -97.0419 831.549
196.24 -163.885 907.181
134.029 -230.38 982.317
676.684 243.082 356.031
611.586 172.91 434.817
546.449 103.379 513.462
481.433 33.7184 592.032
416.915 -35.756 670.095
351.919 -104.985 748.529
287.533 -174.628 826.517
222.629 -244.038 904.916
158.325 -313.369 982.744
723.21 174.947 332.044
656.065 102.499 413.325
588.499 29.8727 495.041
520.919 -42.2003 576.619
453.333 -114.216 658.185
386.129 -186.145 739.379
318.9 -258.291 820.655
251.973 -330.284 901.612
184.812 -402.25 982.775
774.736 101.161 305.022
703.95 25.9315 390.398
633.598 -49.4004 475.404
563.054 -124.083 560.408
493.007 -198.94 645.005
422.887 -274.81 729.946
353.321 -350.046 814.206
283.244 -424.572 898.74
213.234 -499.612 983.352
829.269 21.024 276.983
756.565 -56.591 364.766
682.951 -135.718 453.796
609.72 -213.727 542.17
536.157 -292.08 630.942
462.92 -370.235 719.361
390.118 -448.606 807.44
316.76 -526.675 895.948
244.039 -603.745 983.597
523.674 603.521 327.232
528.918 537.796 393.667
534.32 469.886 462.335
539.496 398.913 534.757
546.054 324.914 608.639
552.388 247.17 687.039
558.791 166.198 768.968
565.501 81.0969 855.101
572.625 -7.17932 944.218
569.923 598.694 267.759
575.782 530.711 335.868
581.732 460.482 406.37
589.258 387.541 477.704
596.842 310.771 553.258
604.438 230.363 632.88
611.944 146.405 716.613
620.165 58.584 803.679
628.659 -33.7982 895.485
617.829 593.232 206.677
625.926 523.651 273.438
633.589 450.885 344.386
641.623 374.886 418.442
650.368 295.784 494.984
659.693 213.031 574.811
668.865 125.746 659.942
678.733 34.1442 748.943
689.222 -61.7523 841.895
669.305 587.848 140.496
678.468 515.492 208.878
687.813 440.903 279.512
697.109 362.699 354.273
707.322 279.973 432.824
718.31 193.747 514.218
729.459 103.26 600.17
741.608 8.05896 690.011
754.008 -92.2955 785.287
723.384 582.222 70.9355
733.892 507.791 139.76
744.965 429.96 211.609
756.396 348.531 286.995
768.804 263.072 365.536
781.478 173.263 448.586
794.867 79.0663 535.56
808.821 -20.5082 627.78
824.001 -125.121 723.936
781.119 575.803 -2.86493
793.141 499.311 66.1505
806.93 418.257 137.806
819.673 334.079 214.438
834.233 244.852 294.19
849.022 151.421 378.339
864.805 53.0358 466.658
881.31 -50.8043 560.086
898.535 -159.829 658.328
850.354 463.933 577.974
825.046 500.583 529.512
876.71 428.44 620.649
904.509 434.64 538.47
876.474 474.962 485.594
848.824 513.482 437.082
824.81 547.106 394.457
802.602 535.943 478.208
902.593 485.991 393.213
874.42 523.932 347.595
849.497 558.78 303.498
825.868 590.602 265.238
800.795 580.73 351.831
780.02 568.921 434.161
781.048 603.473 331.08
759.255 599.451 393.057
901.063 535.539 252.322
872.752 571.1 213.961
847.69 603.567 177.122
801.715 621.845 229.87
896.53 583.998 121.531
870.036 617.111 86.1138
926.274 547.792 158.47
952.532 561.201 58.8323
923.173 595.605 26.2579
894.723 628.785 -4.84497
870.432 657.648 -32.9545
847.177 645.328 56.5825
928.328 498.822 296.469
958.359 509.716 195.459
985.141 523.703 92.9281
990.306 469.26 239.706
1021.39 481.31 132.91
995.857 413.013 390.849
1026.94 425.064 284.053
960.275 458.365 340.715
1058.54 437.693 174.364
1067.2 375.973 334.286
1102.19 387.89 218.861
1076.11 310.07 505.83
1111.1 321.986 390.405
1035.07 362.766 446.868
1150.39 331.966 270.715
1040.21 299.378 619.784
1001.65 352.584 553.614
966.21 400.317 496.223
1007.98 292.733 713.486
970.575 340.533 660.409
935.547 395.408 581.245
932.584 445.602 441.775
4.1362 -511.826 570.765
103.62 -504.18 566.18
198.579 -495.984 562.487
288.498 -489.324 558.151
374.837 -482.118 554.607
458.332 -475.397 550.99
537.959 -468.598 547.838
614.687 -462.497 544.457
688.501 -455.961 541.713
34.9096 -453.773 611.807
136.855 -446.434 606.73
232.876 -440.073 601.528
325.89 -433.627 596.705
413.347 -428.205 591.683
497.632 -422.753 587.016
579.135 -417.221 582.701
655.902 -411.887 578.731
729.62 -406.884 574.829
68.3754 -391.828 655.536
171.344 -386.804 648.587
269.673 -381.682 642.197
364.186 -376.51 636.246
452.924 -371.843 630.515
539.322 -366.843 625.282
621.338 -362.194 620.24
699.087 -358.173 615.166
773.499 -354.399 610.253
103.038 -326.911 701.405
207.96 -323.021 693.386
309.149 -319.129 685.761
404.829 -314.584 679.208
495.78 -311.773 671.83
583.63 -307.509 665.884
665.417 -305.251 659.043
744.582 -302.261 653.035
820.379 -299.39 647.289
140.375 -256.573 751.127
247.785 -254.735 741.284
350.127 -252.894 731.973
447.509 -250.69 723.459
539.791 -248.953 715.122
628.398 -246.937 707.382
712.55 -245.13 699.95
792.835 -243.632 692.687
868.135 -242.481 685.681
179.785 -183.351 802.832
289.418 -183.193 791.475
394.734 -182.771 780.771
493.441 -182.28 770.811
588.009 -181.777 761.294
676.421 -182.155 751.75
762.245 -181.476 743.282
843.53 -181.375 734.85
920.987 -181.278 726.814
28.9389 -806.779 662.142
127.029 -795.632 652.649
222.691 -784.699 643.459
318.87 -773.365 634.601
412.543 -762.773 625.476
505.806 -751.891 616.765
596.839 -741.52 607.985
687.651 -730.788 599.654
775.841 -720.895 590.976
33.507 -762.445 710.411
134.389 -751.321 700.27
233.938 -740.157 690.47
331.915 -729.138 680.86
429.233 -718.215 671.29
523.612 -708.042 661.542
618.604 -696.877 652.76
710.888 -686.67 643.518
803.352 -676.013 634.735
38.6065 -715.98 760.932
143.665 -704.521 750.23
245.051 -693.193 740.204
346.906 -681.834 730.106
446.784 -670.547 720.369
544.27 -660.242 710.075
640.74 -649.876 700.076
736.848 -639.295 690.395
830.631 -628.914 681.011
44.8416 -665.52 815.64
152.15 -653.957 804.552
257.565 -642.904 793.32
361.635 -631.839 782.401
464.545 -620.694 771.831
565.256 -610.209 761.018
665.388 -599.714 750.344
763.521 -589.108 740.24
860.362 -578.968 729.906
50.6761 -611.995 873.844
161.575 -600.82 861.525
270.145 -589.772 849.583
378.634 -578.555 837.848
484.055 -567.417 826.709
588.18 -557.195 814.842
690.601 -546.468 803.915
792.369 -536.255 792.563
891.671 -525.928 781.888
57.3637 -555.11 935.595
171.799 -543.825 922.608
284.233 -532.592 910.011
395.449 -521.606 897.41
504.899 -510.518 885.317
611.908 -500.36 872.734
718.568 -489.204 861.339
823.172 -479.173 849.152
926.059 -468.544 838.012
