-0.373642 -0.496368 -0.376099
49.7977 -0.256561 -0.646118
99.8986 -0.0259094 -0.469482
149.86 0.147125 -0.7052
199.994 0.0975037 -0.172241
249.907 0.260162 -0.444336
299.985 0.372101 -0.0517578
349.654 0.647491 -0.145264
399.481 0.534332 -0.497314
-0.320236 49.9983 -0.796509
49.8935 50.0921 -0.758667
99.9048 50.0396 -0.485718
150.15 49.9998 -0.0307617
200.119 49.9922 -0.445801
250.134 50.0312 -0.0772705
299.926 50.2311 0.0913086
349.942 50.2124 0.328979
399.527 50.4532 0.789063
-0.212723 100.023 -0.891968
49.7973 99.8908 -0.487549
99.8515 99.8261 -0.329712
150.036 99.8106 -0.499512
200.061 99.676 0.129761
250.011 99.9031 -0.284546
300.136 99.8402 0.57959
349.75 100.18 0.0141602
-0.271774 149.841 -0.306152
49.7266 149.827 -0.687622
99.8768 149.988 -0.504028
150.028 149.76 -0.227295
199.916 149.85 -0.46228
250.089 149.55 -0.173096
299.92 149.993 -0.0765381
350.112 149.814 0.827759
-0.306351 200.07 -0.773193
49.803 200.09 -0.639404
99.8259 199.901 -0.515259
149.86 199.985 -0.36084
200.096 199.774 0.285889
250.104 199.755 0.463257
300.146 199.447 0.140625
-0.145584 250.298 -1.1781
49.816 250.177 -0.595093
99.7344 250.029 -0.658813
149.908 249.914 -0.287476
200.056 249.975 0.515381
350.109 249.926 -1.25916
399.81 250.076 -1.4624
-0.0885315 -0.0466919 -0.219238
49.8587 -0.0211792 -0.414551
100.121 -0.131958 -0.0737305
149.984 0.0843506 -0.326904
200.173 0.331909 0.20166
249.822 0.0475464 -0.296509
299.913 0.241577 0.0168457
349.83 1.56354 1.43359
-0.448212 50.1309 -0.0965576
49.8307 50.0261 0.501831
99.9498 49.9203 -0.0507813
150.182 50.0958 0.130127
200.009 49.734 -0.490234
250.147 49.8504 0.239258
299.989 51.5099 1.65527
349.931 51.4908 1.83423
399.017 49.1476 -1.51099
-0.220551 100.401 0.776733
49.9663 99.6724 -0.519775
99.856 100.337 0.477295
150.173 99.8379 0.00622559
200.281 99.8312 0.502686
299.742 98.9527 -1.26123
349.61 99.6803 -0.4375
398.99 99.3401 -0.976074
-0.123077 150.063 0.219604
49.9612 150.06 0.115479
99.8924 149.961 -0.136475
150.097 148.984 -0.577637
200.336 149.937 0.195435
250.214 150.062 0.353027
300.107 149.564 -0.472412
349.773 149.229 -0.814453
399.343 149.64 -0.539795
0.0394592 199.203 -1.34888
150.314 201.599 1.85645
200.392 200.569 0.977295
250.224 199.805 -0.105225
300.223 200.233 0.839478
349.549 199.119 -0.895508
399.394 199.714 -0.0722656
50.0457 250.624 0.929199
150.408 251.726 1.84338
200.169 250.374 0.487549
250.814 250.548 1.14258
300.232 249.775 0.351685
349.996 249.781 0.346069
399.41 249.417 -0.158203
0.525253 0.224548 0.106201
50.3071 0.0501709 -0.221191
100.328 0.119141 -0.190308
150.135 0.191528 -0.409424
200.082 0.283997 -0.0462646
250.091 0.806274 0.264282
0.402695 49.7855 -0.320068
50.2588 49.9811 0.239136
100.298 49.9129 -0.107056
150.386 50.2375 0.217773
200.093 50.0027 -0.0968018
250.278 50.5128 0.63916
349.591 50.1346 -0.380249
399.329 50.1246 -0.914551
0.215561 100.004 0.00769043
50.0884 100.037 0.274902
100.244 100.016 0.144409
150.431 99.7917 0.17334
200.41 100.11 0.567261
250.338 100.172 0.61853
349.831 99.7441 -0.609497
399.509 99.9039 -0.376221
0.0846405 150.026 0.0587158
50.1435 149.985 0.22937
100.038 149.827 -0.219849
150.448 149.856 0.0811768
200.25 149.812 -0.163208
250.288 149.548 0.0394287
300.164 149.689 -0.0960693
350.016 149.787 -0.155273
399.754 149.725 -0.488159
-0.00260925 200.298 0.0625
49.831 199.948 -0.404175
100.101 199.752 0.220459
150.163 200.008 0.17395
250.292 199.956 0.264038
300.453 199.797 0.439575
350.182 199.705 0.174683
399.917 200.038 0.427856
-0.110611 250.009 -0.160278
49.9571 250.27 -0.102661
100.068 250.359 0.348267
150.198 249.904 0.243286
200.276 249.523 -0.387939
250.562 250.403 0.772827
300.764 250.122 0.79187
350.475 249.873 0.797119
400.151 249.876 0.549683
0.857605 0.0251465 -0.466553
50.5916 -0.28302 -0.93811
100.557 0.235291 -0.055542
150.447 0.298157 -0.28479
200.286 0.671082 -0.046875
250.2 0.539001 -0.145386
349.763 0.714172 -0.400635
399.673 0.155212 -1.30981
0.607391 49.6745 -0.514648
50.768 50.1461 -0.429443
100.367 49.715 -1.10168
150.484 50.2455 -0.125366
200.221 50.0299 -0.612183
250.197 50.6929 0.394409
349.922 50.0797 -0.605347
399.692 50.5306 -0.460327
0.554413 99.8973 -0.483276
50.6068 99.7391 -0.588013
100.521 99.9407 -0.506226
150.217 99.8211 -0.559082
200.328 100.346 0.0922852
250.13 100.381 -0.00952148
349.92 99.5594 -0.87207
0.297852 149.727 -0.626709
50.2917 149.96 -0.447998
100.378 149.594 -0.751953
150.294 149.865 -0.64624
200.179 149.766 -0.565674
250.037 149.922 -0.210205
350.025 149.235 -0.528931
400.089 149.743 -0.408936
0.226288 199.546 -0.821411
50.1541 199.611 -1.03149
100.213 199.588 -0.73999
150.028 199.756 -0.138062
200.082 199.788 -0.358765
249.896 199.633 -0.361694
300.036 199.637 -0.316284
350.056 199.807 -0.221069
400.093 199.881 -0.00622559
0.078064 249.614 -0.736328
50.3695 249.632 -0.950806
99.962 249.616 -0.741821
150.005 249.734 -0.380371
199.917 249.755 -0.212524
249.907 249.727 -0.283569
350.023 250.151 0.457886
400.123 249.75 -0.0842285
50.8925 0.279297 -1.10413
100.86 0.575378 -0.857788
200.489 -0.322327 -1.68005
249.964 0.639343 0.222046
300.089 0.137329 -0.492554
349.916 0.373596 0.23877
399.791 0.351379 0.171997
51.0992 50.469 -0.748047
100.738 50.2311 -0.6427
150.325 50.5563 -0.0117188
250.149 49.4988 -0.980347
299.832 50.1428 0.0948486
350.099 49.8022 -0.428589
399.889 50.1685 0.314087
1.20294 100.173 -0.776001
50.8015 99.9827 -0.725098
100.318 100.116 -0.225098
150.237 99.4987 -1.25183
250.011 99.1959 -1.21838
300.063 99.3925 -0.706177
349.957 99.8743 0.156372
400.055 99.8103 -0.0136719
0.515625 149.891 -0.304077
50.6633 149.73 -1.0094
100.414 149.85 -0.399536
150.271 149.997 -0.291504
199.815 149.972 -0.0159912
299.706 149.917 -0.241211
350.127 149.632 -0.311157
400.096 149.802 -0.0114746
0.707764 199.81 -0.525146
50.239 199.781 -0.185547
100.185 199.709 -0.408691
149.854 199.655 -0.349976
199.825 199.888 -0.313232
249.275 200.789 0.970337
299.834 199.993 -0.24707
349.851 199.626 -0.611938
400.144 200.187 0.28772
0.47583 249.522 -0.232178
50.1775 249.593 -0.23938
99.6411 249.994 0.204834
149.756 249.662 -0.269653
199.594 249.91 -0.0135498
249.748 249.621 -0.781128
299.578 249.55 -0.793457
349.854 250.307 -0.0653076
399.986 249.973 -0.263794
-0.0732574 -0.45697 0.140625
49.7143 -0.42804 0.0684814
100.185 -0.388611 0.402222
150.06 -0.445068 0.394653
400.097 -0.109802 0.705078
-0.21254 49.8641 0.313843
49.8935 49.778 0.00354004
99.928 49.6153 -0.315552
150.185 49.8066 0.478149
199.999 49.7342 0.254272
250.123 49.7586 0.368164
300.262 50.111 0.56604
350.13 49.9193 0.373047
399.78 49.8589 0.473145
-0.110916 99.7912 -0.104858
49.9811 99.6849 -0.177124
99.9658 99.7241 -0.0712891
149.994 99.8359 -0.0289307
200.273 100.078 0.317017
250.213 99.9268 0.196411
299.953 99.6199 -0.253174
349.906 100.108 0.237183
399.874 100.001 0.0808105
-0.298904 149.936 -0.613037
49.9413 149.645 -0.298462
100.073 149.836 0.163208
150.212 149.965 -0.207764
200.109 149.696 -0.517944
250.224 149.715 -0.0313721
300.205 150.011 -0.0567627
350.078 149.933 -0.0396729
399.807 149.955 -0.23999
49.6529 199.86 -0.598633
100.11 200.044 -0.165405
150.051 200.053 0.254395
200.257 200.013 0.188354
250.279 199.895 -0.380737
300.129 199.835 -0.316406
349.883 199.619 -0.546875
399.901 199.863 -0.527222
-0.232986 250.069 -0.348511
49.918 249.938 -0.263062
99.969 250.003 -0.102661
150.217 250.149 0.14563
200.397 249.929 -0.209106
250.318 249.781 -0.486816
300.144 249.574 -0.595825
349.987 249.837 -0.65918
149.799 -0.171448 0.607056
199.785 -0.0134277 0.736084
249.601 -0.234985 0.316772
299.599 -0.0371094 0.433472
349.314 -0.164551 -0.0856934
399.22 0.214783 0.203979
-0.572037 49.7694 0.432739
49.8136 49.7762 0.43689
99.7077 49.8989 0.536011
149.766 49.8575 0.315186
199.777 50.0273 0.462036
249.768 49.8965 0.473511
299.742 50.1967 0.524902
349.482 50.0638 0.156372
399.206 50.3465 0.233521
-0.331924 99.7291 0.0184326
49.76 99.8986 0.328857
99.9612 99.9022 0.434082
149.938 100.121 0.520386
199.89 99.8401 0.11853
249.777 100.161 0.179077
299.803 99.9054 0.191772
349.439 100.083 -0.123901
399.229 100.006 -0.0692139
-0.416336 149.729 -0.425293
49.7293 149.755 -0.0982666
99.5997 149.828 0.0130615
149.974 149.768 -0.0568848
199.961 150.067 0.474243
249.896 149.773 -0.127441
299.767 149.878 -0.0616455
349.47 149.655 -0.254639
-0.189468 199.975 -0.331909
49.9579 199.863 -0.191284
99.8731 199.846 -0.0507813
149.791 199.821 -0.108765
200.077 199.758 0.0760498
249.767 199.696 -0.264038
299.801 199.461 -0.125732
349.635 199.629 -0.404663
399.45 199.841 -0.300903
-0.204422 250.136 -0.277588
49.639 250.278 0.344116
99.8741 249.902 -0.325928
150.135 250.135 0.171753
200.241 250.182 0.426758
250.188 249.648 -0.35022
300.01 249.905 -0.0321045
0.210205 0.491699 -0.419495
50.2675 0.65741 -0.616699
100.218 0.713501 -0.385315
150.06 0.734009 -0.585815
200.075 0.434937 -0.0706787
249.943 0.533691 -0.332397
299.984 0.27417 -0.10321
349.652 0.666504 -0.13269
399.485 0.520264 -0.508667
0.192383 50.7915 -0.874634
50.3138 50.8444 -0.767578
100.072 50.4001 -0.45575
150.233 50.2327 0.0133057
200.204 50.3534 -0.334595
250.159 50.2773 0.0309448
299.936 50.0267 -0.0289917
350.009 49.9114 0.100281
399.77 49.8751 0.236694
0.25769 100.672 -1.00641
50.1199 100.408 -0.526855
99.9892 100.097 -0.319397
150.198 100.241 -0.427063
200.061 99.6738 0.129089
250.01 99.884 -0.293762
300.172 99.6053 0.417725
349.834 99.9672 -0.18396
0.0563965 150.228 -0.421509
49.8508 149.998 -0.717834
99.9057 150.038 -0.505737
150.051 149.816 -0.21991
199.969 150.102 -0.378479
250.078 149.849 0
299.986 149.805 -0.243164
350.352 149.495 0.418274
400.887 149.23 0.461975
-0.0032959 200.356 -0.917847
49.6194 199.888 -0.566833
99.6978 199.724 -0.484009
149.72 199.699 -0.377136
200.013 199.306 0.115723
250.189 199.425 0.201172
300.183 199.406 0.0811157
-0.417358 250.118 -1.00684
49.4504 249.906 -0.380249
99.615 249.92 -0.599243
149.789 249.75 -0.258606
200.025 249.245 0.151062
349.492 249.88 -0.673584
0.19104 0.184067 -0.53833
49.8716 -0.00495911 -0.430908
100.154 -0.0654449 -0.121704
149.934 -0.161514 -0.213379
200.191 -0.0244293 0.281738
249.891 -0.194351 -0.293457
300.021 0.0220795 -0.0217285
350.891 -0.00245667 0.889893
-0.396484 50.149 -0.148804
50.1433 50.1954 0.169067
99.8794 49.8555 0.0314941
150.026 49.7737 0.360962
200.008 49.5566 -0.441284
250.206 49.6958 0.227539
301.085 49.9602 1.07556
351.164 50.2384 1.04749
398.6 49.4905 -1.22278
0.103516 100.377 0.486572
49.6605 99.6788 -0.241699
100.039 100.349 0.306396
149.969 99.7731 0.210938
200.234 99.7121 0.578735
299.174 99.3105 -0.838867
349.769 99.6035 -0.562012
398.975 99.3465 -0.963623
-0.359253 150.169 0.406616
49.619 150.235 0.380615
99.2168 150.384 0.366455
149.412 149.586 -0.115234
200.336 149.935 0.195313
250.174 149.997 0.406982
300.048 149.541 -0.411621
349.755 149.226 -0.797974
399.727 149.656 -0.895996
-1.14703 200.142 -0.518921
48.4827 199.627 -1.12695
150.833 200.685 1.63098
200.443 200.37 0.984863
250.209 199.675 -0.0559082
300.523 200.782 0.414551
349.662 199.221 -1.02661
399.961 200.036 -0.679932
49.8755 250.848 1.02368
200.129 250.562 0.472656
250.819 251.03 1.00586
300.462 250.655 -0.0991211
350.386 250.505 -0.20874
400.105 250.23 -1.01733
0.66095 0.334305 0.0450439
50.4049 0.150528 -0.265259
100.281 0.0539703 -0.169067
149.984 -0.139694 -0.341309
200.017 -0.0526581 -0.0169678
250.151 -0.0462494 0.236938
349.632 0.0647736 -1.17432
399.964 0.294022 -0.430298
0.545105 49.8648 -0.384277
50.4595 50.1219 0.148438
100.174 49.795 -0.0510254
150.14 49.8671 0.329224
200.032 49.7845 -0.0690918
250.38 49.5134 0.592407
349.915 49.7617 -0.5271
399.859 49.7021 -1.1543
0.375061 100.052 -0.064209
50.1791 100.071 0.234131
99.8398 99.8095 0.327271
150.229 99.6269 0.265137
200.231 99.7677 0.648193
250.427 99.7106 0.578369
350.264 99.4758 -0.805786
399.916 99.729 -0.560547
0.202515 150.032 0.00537109
49.9236 149.974 0.329102
99.9638 149.822 -0.186035
149.876 149.79 0.34021
199.964 149.733 -0.0336914
250.048 149.732 0.148193
300.125 149.696 -0.0782471
350.204 149.771 -0.240479
400.095 149.704 -0.642334
0.204285 200.254 -0.0308838
49.7824 199.962 -0.381958
99.7483 199.881 0.380249
149.909 200.156 0.289185
199.646 199.898 -0.505127
250.236 199.748 0.289307
300.601 199.914 0.372803
350.392 199.798 0.0800781
400.694 200.279 0.0765381
0.020752 249.948 -0.219604
49.9163 250.294 -0.0838623
99.9691 250.439 0.393188
149.849 250.349 0.401489
200.024 250.29 -0.273193
250.55 250.305 0.77832
1.42303 0.404297 -0.439575
51.2293 0.231171 -0.905762
100.608 0.28595 -0.0526123
150.36 0.180817 -0.290161
200.014 0.119324 -0.0683594
250.113 0.181946 -0.156616
349.915 0.111969 -0.40979
399.737 0.0259705 -1.31079
0.985596 49.8645 -0.498047
50.6337 50.0643 -0.435547
100.563 49.8629 -1.09192
150.207 49.9651 -0.140625
200.072 49.8037 -0.622192
249.936 49.8936 0.367554
349.986 49.8886 -0.607788
400.045 50.0038 -0.461182
0.844116 99.9939 -0.47168
50.5584 99.7188 -0.589966
100.215 99.7854 -0.519531
149.993 99.6695 -0.569702
199.579 99.587 0.0509033
249.77 99.6461 -0.0380859
349.93 99.5385 -0.872192
0.526672 149.765 -0.618408
50.2358 149.948 -0.450073
100.192 149.545 -0.758911
149.874 149.722 -0.662842
199.918 149.632 -0.577026
249.638 149.512 -0.232422
349.714 149.546 -0.531494
400.221 149.676 -0.406372
0.329224 199.546 -0.817993
50.1631 199.61 -1.03113
99.6729 199.586 -0.757202
149.833 199.754 -0.144165
199.605 199.785 -0.373901
249.713 199.63 -0.367554
299.965 199.695 -0.317139
349.761 199.81 -0.230469
400.179 199.879 -0.00341797
0.364563 249.566 -0.728149
50.0529 249.694 -0.959473
99.8735 249.637 -0.743896
149.578 249.875 -0.390625
199.549 249.937 -0.219849
249.757 249.876 -0.28479
349.941 250.07 0.453491
400.516 249.942 -0.0671387
50.8784 0.263901 -1.11035
100.523 0.0927887 -1.00696
249.973 -0.0273895 0.218628
300.137 -0.0566711 -0.474121
350.122 -0.0500031 0.322021
400.138 -0.130127 0.315063
50.6186 50.0997 -0.957642
100.432 49.9145 -0.777588
149.923 49.9283 -0.190796
250.143 49.9075 -0.978516
300.028 49.5712 0.172485
350.172 49.6927 -0.39856
400.167 49.8894 0.430176
0.647888 99.9657 -1.01575
50.5348 99.8575 -0.840576
99.9693 99.8964 -0.376953
150.303 99.5618 -1.22278
249.995 100.087 -1.21619
299.988 99.5288 -0.736938
349.957 99.8741 0.156494
400.311 99.6514 0.0942383
0.250366 149.855 -0.417969
50.1348 149.64 -1.23657
99.9028 149.733 -0.619629
149.781 149.828 -0.503418
199.543 149.779 -0.134399
249.932 149.534 -1.34277
299.685 149.931 -0.25
349.986 149.681 -0.371094
399.832 149.862 -0.124023
0.416077 199.84 -0.649658
49.8109 199.836 -0.368164
99.7308 199.786 -0.602051
149.88 199.649 -0.338989
199.666 199.97 -0.380493
249.228 199.976 0.941162
299.443 199.806 -0.416626
350.357 199.745 -0.394531
400.142 200.186 0.286377
0.186462 249.621 -0.35498
49.6771 249.806 -0.451172
99.4394 250.108 0.119629
149.441 249.93 -0.401611
199.524 250.03 -0.0422363
249.758 250.421 -0.768311
299.995 250.233 -0.607544
349.911 250.354 -0.0405273
400.447 250.227 -0.0640869
0.0449829 -0.0994263 -0.452576
49.8033 0.0686035 -0.635315
100.216 0.18457 -0.293396
150.021 0.320679 -0.405518
200.106 0.52063 0.0359497
249.997 0.631592 0.00311279
-0.0453491 50.1646 -0.293762
49.9864 50.051 -0.453857
99.9453 49.7172 -0.458191
150.204 50.3296 -0.14093
199.96 50.2335 -0.246155
250.046 50.2042 -0.0106812
300.128 50.6411 0.183472
349.99 50.3538 0.108093
399.546 50.4729 0.157776
0.0316162 99.9427 -0.505005
50.0713 99.8356 -0.492065
100.041 99.9379 -0.4328
150.016 99.9739 -0.22052
200.274 100.24 0.13092
250.191 100.125 0.00744629
299.918 99.7847 -0.383484
349.856 100.281 0.122803
399.805 100.189 -0.0214233
-0.271912 149.951 -0.67334
100.187 150.008 -0.214478
150.212 149.965 -0.208069
200.084 149.53 -0.291443
250.223 149.753 -0.072937
300.218 149.926 0.0193481
350.09 149.887 -0.00604248
399.792 150 -0.266418
100.179 200.096 -0.33551
150.137 200.168 -0.0123901
200.332 200.208 -0.152405
250.261 199.758 -0.197693
300.133 199.767 -0.245483
349.892 199.571 -0.50824
399.979 199.61 -0.36676
-0.194458 250.066 -0.407959
50.051 249.948 -0.487793
100.106 250.04 -0.364075
150.348 250.224 -0.150391
200.325 249.847 -0.000549316
250.251 249.616 -0.192505
300.121 249.36 -0.3172
350.019 249.519 -0.352112
399.95 249.478 -0.312317
0.055481 0.392929 0.0240479
50.0775 0.571152 -0.0360107
100.189 0.5858 0.478149
149.971 0.529648 0.1073
199.892 0.739853 0.282593
249.643 0.706406 -0.15271
299.569 0.632675 0.163208
-0.192444 50.2318 -0.180786
50.1494 50.2973 -0.156372
99.9222 50.3386 0.109131
149.936 50.3504 -0.088623
199.832 50.2804 0.289429
249.822 50.4553 0.163696
299.741 50.2662 0.494263
349.467 50.1922 0.113525
399.234 50.2091 0.265747
-0.0408325 99.9795 -0.405151
50.0615 100.229 -0.14209
100.15 100.175 0.109497
150.037 100.321 0.324341
199.915 99.917 0.0566406
249.744 99.97 0.300537
299.804 99.9358 0.176636
349.466 99.7693 -0.0118408
399.288 99.7048 0.00244141
-0.197083 149.847 -0.713135
49.8973 149.874 -0.331421
99.7623 149.982 -0.22998
149.976 149.77 -0.0599365
199.976 150.097 0.44397
249.861 149.655 -0.0373535
299.726 149.518 0.143799
349.477 149.522 -0.201904
-0.0802612 200.003 -0.461548
50.0029 199.879 -0.246948
100.072 199.949 -0.309448
149.816 199.839 -0.143433
200.094 199.777 0.0488281
249.719 199.607 -0.173218
299.814 199.511 -0.162598
399.544 199.321 -0.167603
-0.0731812 250.137 -0.418335
50.2194 250.319 -0.293823
99.8401 249.896 -0.287476
150.216 250.158 0.0748291
200.232 250.178 0.437866
249.878 249.387 0.09729
299.907 249.731 0.156494
-0.43512 -0.207001 -0.371338
49.6622 -0.0363464 -0.343323
99.8381 -0.0148621 -0.174866
149.788 0.127106 -0.225952
199.952 0.170807 -0.218201
249.872 0.252899 -0.158752
299.992 0.325897 0.209778
349.874 0.421906 -0.223083
399.727 0.278534 -0.326721
-0.422852 49.7799 -0.0777588
49.782 50.0091 -0.0118408
99.9418 49.8066 -0.0447998
150.049 50.1187 0.126465
200.01 50.0645 -0.0805664
249.926 50.2516 0.0518188
299.758 50.3971 0.151306
349.835 50.3492 -0.100037
399.696 50.3549 0.0206909
-0.30719 99.9106 -0.299133
49.7125 99.9171 -0.0565796
99.8131 99.9149 -0.396545
149.944 99.899 -0.324707
199.765 100.057 -0.172241
249.82 100.084 -0.233826
299.778 100.199 0.0422974
349.733 100.2 -0.100037
-0.290283 150.118 -0.0369263
49.5906 150.006 -0.261414
99.9166 149.88 -0.283752
150.019 149.822 -0.555054
199.853 149.876 -0.210144
299.802 150.068 0.0296021
349.71 150.097 0.114197
399.758 150.112 0.141113
49.7245 200.187 -0.430237
99.7758 199.918 -0.324646
149.822 200.011 -0.372253
199.883 199.926 -0.127014
249.907 199.897 -0.273499
349.748 200.073 0.139954
399.794 200.009 0.114746
-0.250366 250.256 -0.402893
49.7905 250.265 -0.434387
149.682 249.944 -0.551086
249.703 249.766 -0.354004
300.185 249.967 0.0175781
349.792 250 -0.0894165
399.932 250.056 0.464722
0.474854 0.486633 0.37085
50.2731 0.219666 0.170715
100.296 0.368958 0.131042
150.15 0.195496 -0.28125
199.93 0.644714 -0.279968
250.088 0.316101 -0.365784
299.942 0.51178 -0.445984
0.269775 50.5477 0.476868
50.2518 50.1222 0.145386
100.259 50.2339 0.194153
150.387 50.0589 -0.112976
200.042 50.0184 -0.339111
250.096 50.2313 -0.34259
299.887 50.3172 -0.358826
0.168884 100.15 0.284607
50.1062 99.9036 0.127747
100.239 100.07 0.114075
150.358 100.188 0.0890503
200.258 100.395 0.118286
250.117 100.071 -0.27771
300.123 100.168 -0.19812
349.76 100.004 -0.501343
0.0793457 150.522 0.35907
50.1483 150.322 0.342896
100.028 149.751 -0.0326538
150.438 150.104 0.408508
200.322 149.65 0.0678101
250.167 149.988 0.0759277
300.042 149.795 -0.300232
350.029 149.872 -0.0484009
399.863 149.717 -0.321716
0.0878906 200.593 0.0733032
49.7723 200.048 -0.125549
100.176 200.288 0.03302
150.172 199.824 -0.152283
200.345 199.912 0.167542
250.225 199.826 -0.113831
300.249 199.73 -0.122375
349.971 199.657 -0.254272
0.0783691 250.641 0.115295
49.9907 250.37 -0.0844116
100.076 250.145 0.13446
150.221 249.83 -0.0153198
200.281 249.977 0.149353
250.527 249.984 0.24176
300.6 249.789 0.101929
350.101 249.364 -0.283997
399.862 249.198 -0.431946
50.1421 0.0351181 0.328491
100.335 0.0667343 0.452881
150.282 0.29879 0.283569
200.234 0.249352 -0.122803
250.203 0.563072 -0.141602
300.208 0.450157 -0.0600586
0.083252 49.8606 0.589111
50.2634 49.977 0.529541
100.057 49.9008 -0.202393
150.33 50.2253 0.321289
200.184 50.2457 -0.296875
250.25 50.4354 -0.125
300.054 50.3081 -0.263062
-0.0219727 99.8647 0.460205
50.0808 99.8585 0.486938
100.163 100.016 0.327637
150.132 100.135 -0.0931396
200.268 100.195 0.162109
250.126 100.142 -0.209351
300.137 100.115 -0.0463867
349.939 99.9847 -0.600464
399.876 99.9515 -0.78125
-0.161865 150.072 0.296631
50.0159 149.832 -0.0913086
100.106 150.187 0.216797
150.067 149.871 -0.14502
200.004 149.774 -0.083252
250.034 149.92 -0.202637
300.032 149.734 -0.37561
350.05 149.751 -0.0993652
400.083 149.64 -0.507568
-0.0946045 200.123 0.0161133
49.8773 199.908 -0.414673
100.024 200.075 -0.0512695
150.035 199.847 -0.0734863
200 199.945 -0.0393066
249.887 199.684 -0.287598
300.039 199.65 -0.315063
350.031 199.664 -0.185669
-0.271484 250.008 -0.0581055
49.8386 250.137 0.0672607
99.8198 249.97 -0.266357
149.996 250.108 -0.0449219
200.038 249.784 -0.391113
249.891 249.656 -0.317139
300.012 249.552 -0.553467
350.1 249.559 -0.679565
400.113 249.56 -0.585449
0.217041 0.257477 -0.12561
50.2789 0.370941 -0.150391
100.335 0.444244 -0.16333
150.439 0.343353 -0.295654
200.249 0.426788 -0.243652
250.116 0.501556 -0.411377
300.191 0.582245 -0.348877
349.997 0.518585 -0.304932
399.775 0.383881 -0.5271
0.0739136 50.1199 -0.266113
50.3013 50.2887 0.0351563
100.192 50.1853 0.0629883
150.193 50.2553 -0.134033
200.207 50.2389 -0.0744629
250.114 50.1436 -0.103027
299.94 50.1283 -0.328735
350.1 50.1162 0.0866699
-0.0161133 100.035 0.240601
50.1572 100.078 0.0495605
100.072 100.136 0.0861816
150.058 100.112 -0.330322
200.007 100.027 0.200073
250.038 99.949 -0.372437
300.053 99.8879 -0.0391846
350.008 99.6266 -0.511719
-0.0529785 150.025 0.289673
49.8154 150.022 0.0358887
99.9814 150.05 0.233887
149.92 150.015 0.114502
199.817 149.73 -0.29126
249.873 149.789 -0.00854492
299.86 149.745 -0.803223
350.097 149.446 -0.447388
-0.342285 200.113 0.473267
49.8361 200.013 0.339355
99.8215 200.083 0.266968
149.813 199.949 0.00390625
199.668 199.783 -0.275391
249.713 199.79 -0.693604
299.842 199.603 -0.725952
400.112 199.593 -0.599243
-0.188293 250.12 0.716797
49.7756 250.206 0.611694
99.7918 250.208 0.346313
149.936 250.067 0.0556641
199.825 250.029 -0.0393066
249.875 249.954 -0.507202
299.878 249.909 -0.670654
50.0792 -0.164246 -0.667542
99.8903 -0.0438843 -0.388
149.821 -0.0010376 -0.0257568
249.765 0.225403 0.179016
299.751 0.319763 0.63501
350.08 0.431824 0.47699
399.935 0.281677 0.426636
0.206863 50.0197 -0.527283
49.9905 50.0411 -0.335022
99.9267 49.9918 -0.144043
149.725 49.8068 -0.208679
249.746 50.0637 0.375732
299.857 50.2025 0.32251
349.995 50.1665 0.573608
399.888 50.4733 0.523804
0.314346 99.9672 -0.494812
50.0161 99.8648 -0.317078
99.5096 99.7946 -0.0480347
149.837 99.7547 0.00537109
199.54 99.5068 0.109619
249.917 99.8272 0.199402
299.679 99.8264 0.50177
349.766 100.155 0.189148
399.745 100.073 0.406555
0.401443 149.786 -0.566162
49.9672 149.755 -0.469177
99.8461 149.953 -0.160889
149.74 149.949 -0.0853882
199.712 149.402 -0.562439
249.476 149.233 0.139771
299.843 149.968 -0.0375366
349.852 149.794 0.58429
400.195 150.171 0.542053
0.396866 199.839 -0.345276
50.0065 199.943 0.019165
99.6958 199.908 0.071106
149.797 199.976 0.330505
249.638 199.42 -0.298889
299.562 199.179 0.00604248
349.832 199.776 -0.0796509
399.8 199.885 0.289001
0.35524 249.967 0.222961
49.8729 250.065 0.236633
99.7783 249.911 0.0806274
149.659 250.306 0.650818
300.046 249.707 0.114685
349.93 249.726 0.226379
399.685 249.914 -0.0186157
50.3526 0.122009 0.467346
150.457 0.439209 0.582092
200.295 0.808472 0.355774
250.251 0.678162 0.336243
300.364 0.657471 0.18988
350.034 0.525024 0.0465698
400.008 0.557556 -0.0823975
0.38623 49.9098 0.223999
50.5767 50.4739 0.457031
100.222 49.8879 0.322021
150.465 50.368 0.407776
200.292 50.1332 0.277039
250.289 50.4049 0.327332
300.22 50.0614 0.136841
350.166 50.0897 0.0498657
400.296 49.8446 0.043396
0.423096 100.566 0.128906
50.4236 99.7585 0.0429077
100.348 100.788 0.355286
150.084 100.526 0.262451
200.308 100.496 0.30072
250.137 100.556 0.339661
300.17 100.249 0.176697
350.237 99.5437 -0.0322876
399.911 100.23 -0.184998
0.300598 150.806 0.0872192
50.2704 150.357 -0.18042
100.223 150.591 0.166016
150.228 149.825 -0.105774
200.103 150.35 0.230164
249.982 150.251 -0.0296021
300.005 150.05 0.160095
349.828 149.941 -0.284973
400.072 150.154 -0.0189209
50.1741 200.594 -0.354797
100.198 200.617 -0.0614624
150.09 200.761 0.0447388
200.026 200.391 0.104553
249.824 200.309 0.0784302
299.924 200.391 0.0794067
350.137 199.694 -0.0863647
400.103 199.699 -0.161072
99.9741 249.833 -0.593689
199.962 250.239 -0.175232
249.883 250.188 -0.0863647
299.827 249.745 -0.141785
349.824 250.332 -0.0916138
400.159 249.509 -0.217896
50.4738 0.690735 0.527771
100.587 0.535156 0.458557
200.31 0.379333 0.233948
250.01 0.201965 0.368469
300.135 0.251404 0.404846
349.995 -0.0195923 0.222229
399.811 0.166931 0.0436401
50.6317 50.3056 0.638611
100.451 50.4294 0.567627
150.299 50.3317 0.0841675
200.171 50.0877 0.200989
250.065 50.3384 0.239685
299.827 50.2831 0.312439
350.156 49.925 0.143127
399.824 50.3698 0.246155
0.555664 100.376 0.720764
50.3467 100.427 0.679688
100.171 100.195 0.285095
149.948 100.655 0.552856
200.16 100.257 0.372498
249.909 100.265 0.282043
300.028 100.048 -0.175842
349.865 100.39 0.0464478
399.899 100.061 -0.45697
0.245483 150.288 0.434021
50.1923 150.122 0.208801
100.164 150.433 0.618713
150.127 150.134 0.259155
199.769 150.124 0.295227
249.902 150.014 -0.146179
299.703 149.95 -0.0541382
350.073 150.042 -0.402344
399.922 150.091 -0.549866
0.233826 200.154 0.373596
100.143 200.34 0.179382
149.857 200.613 0.427795
199.808 200.002 -0.165955
249.441 200.311 -0.234924
299.855 199.946 -0.562439
349.825 200.504 -0.273621
399.957 199.938 -0.888245
0.276672 250.149 0.505798
50.3118 250.496 0.413513
99.866 250.054 -0.0247192
149.903 250.092 -0.103271
199.81 250.451 0.0655518
249.749 250.231 -0.202026
299.655 250.228 -0.506287
51.2469 -0.53656 -0.434021
100.63 0.118042 0.212708
150.496 -0.161621 -0.0271606
200.69 0.270325 -0.0162964
299.959 -0.0600891 0.489441
350.242 0.0646973 0.108887
400.191 -0.160278 -0.0193481
0.742188 49.7454 0.0946655
50.4194 49.8351 -0.182434
100.658 49.5531 -0.103943
150.524 50.588 0.755371
200.653 49.7279 -0.053894
250.531 49.9728 0.00726318
300.342 50.0016 0.377136
400.645 49.7674 -0.245728
0.691406 99.2877 -0.600159
50.4771 99.8088 0.174255
99.8394 100.936 0.817505
150.334 99.6996 0.280273
200.342 99.7484 0.208618
250.422 99.9472 0.272095
300.195 100.33 0.600647
0.177734 149.77 -0.0698853
50.2411 149.836 -0.107178
100.196 149.886 0.210144
149.942 150.6 0.403748
200.334 149.931 0.281982
250.021 150.166 0.485535
300.12 150.274 0.583252
349.901 150.024 0.479919
399.755 150.309 1.04498
0.0179443 200.024 0.0823364
49.8002 200.111 -0.0562134
150.089 200.062 0.406982
200.02 200.353 0.541016
250.288 200.045 0.242859
299.938 200.215 0.573425
349.948 200.229 0.646912
399.969 200.344 0.539856
0.279907 249.603 -0.212341
50.3779 249.15 -0.535645
100.145 250.062 0.0310059
149.906 250.006 0.186279
199.93 250.114 0.45636
250.11 250.105 0.520813
300.134 249.812 0.168945
349.918 250.299 0.696899
400.105 250.096 0.473145
50.9569 0.715118 -0.331238
100.494 0.543427 -0.472168
150.307 0.558807 -0.264465
200.226 0.447357 -0.491577
249.955 0.300537 -0.31543
299.853 0.272034 -0.519531
349.568 0.278198 0.122253
399.507 0.254608 -0.0601807
0.592163 50.5167 0.153381
50.558 50.4763 0.123291
100.431 50.4096 -0.203369
150.338 50.1994 -0.330872
200.289 50.2063 -0.744995
250.193 50.1577 -0.355774
299.713 50.0116 -0.308289
349.81 50.1118 -0.201294
399.464 50.4136 0.414124
0.780884 100.437 0.0908813
50.5903 100.252 0.0752563
100.546 100.204 -0.314148
150.463 100.056 -0.406128
200.298 99.9223 -0.546143
250.107 100.014 -0.507629
300.116 100.013 -0.396118
349.687 100.145 -0.221191
399.656 100.275 0.208252
0.602295 150.079 0.166504
50.9139 150.147 -0.0258789
100.245 150.067 -0.0291138
150.506 149.934 -0.521301
200.421 150.016 -0.557617
250.522 149.769 -0.986572
300.07 150.072 -0.402588
350.356 150.005 -0.60376
399.88 150.364 -0.170654
-0.0458984 200.022 0.897339
49.9825 200.041 0.549011
100.347 199.892 0.0411987
149.664 199.954 0.149536
200.607 199.78 -0.703003
350.11 200.121 -0.212036
399.965 200.109 -0.201721
99.7761 249.948 0.747925
149.345 250.076 0.849976
249.83 250.042 0.193359
300.444 249.587 -0.638611
350.202 249.998 -0.300537
400.016 250.027 0.108276
49.895 -0.0459595 -0.48291
100.684 -0.3703 -1.04382
150.196 0.156189 -0.539673
200.129 -0.317261 -0.729858
249.9 0.475525 -0.225403
299.767 0.452087 0.019043
400.416 0.322937 -0.212036
-0.231079 50.2271 -0.11499
50.5945 49.3928 -0.820923
100.208 49.7542 -0.469482
150.266 49.6819 -0.510193
200.013 49.7604 -0.461304
300.15 50.2296 -0.126831
350.439 50.2305 -0.162354
399.94 50.4648 -0.0222778
-0.515625 99.7223 0.0569458
49.4078 99.9501 -0.0131836
100.013 99.7443 -0.293823
200.589 99.6653 -0.645935
250.018 99.6715 -0.180908
300.477 100.173 -0.187439
350.126 100.195 -0.121948
399.765 100.513 0.135132
-0.604614 150.146 0.285034
49.1051 150.368 0.206177
150.098 149.939 -0.069458
200.32 149.557 -0.279114
250.012 149.464 -0.164307
300.395 150.064 -0.123352
349.762 149.825 0.0505981
399.755 150.38 0.122986
50.7096 198.8 -0.340942
100.163 199.131 -0.168213
150.196 199.562 -0.0369873
200.477 199.829 -0.151855
250.154 199.764 -0.0446777
300.535 199.897 -0.0460205
349.893 200.09 0.0289917
399.797 200.145 0.0748291
0.814941 248.866 -0.0836182
50.2984 248.991 -0.055542
100.185 249.504 0.159058
150.283 249.939 0.236938
200.164 250.129 0.203003
250.518 249.293 0.0604858
300.444 249.687 -0.0742188
350.207 249.684 -0.0684204
399.826 249.968 0.0819702
100.141 0.104836 -0.693359
150.277 -0.0329208 -0.697754
199.753 -0.0524521 0.100586
250.116 0.0586319 0.0360107
299.957 -0.134361 -0.282837
349.849 0.0892105 -0.402222
399.809 0.220558 -0.0186768
100.182 49.7968 -0.596069
149.976 49.7054 -0.722168
199.888 49.8524 0.549438
250.05 49.7802 -0.66687
299.953 49.8511 -0.498291
350.143 49.7363 -0.228516
399.831 49.9903 -0.171509
50.305 99.655 -0.656128
99.8022 99.8249 -0.518188
149.857 99.8105 -0.0386963
199.912 99.7886 -0.534302
250.048 99.8337 -0.512817
299.926 99.771 -0.646973
350.289 99.6126 -0.503296
400.06 99.7547 -0.0819092
0.440887 149.831 -0.353516
50.1073 149.755 -0.699585
100.062 149.663 -0.659912
149.699 149.754 -0.645752
199.863 149.784 -0.431641
250.024 149.81 -0.319702
300.248 149.88 -0.0941162
350.309 149.999 -0.0523682
400.124 149.85 -0.0657959
0.280182 199.72 -0.244019
50.0213 199.779 -0.400879
99.7886 199.965 -0.0186768
149.84 199.928 -0.0861816
199.898 199.992 -0.127197
300.304 200.056 -0.069458
350.383 199.904 -0.133667
400.206 199.724 -0.303101
0.160553 249.813 0.000366211
50.1064 249.931 -0.241577
100.058 249.9 -0.237427
149.849 250.107 0.143921
200.011 250.13 0.684082
250.103 250.275 0.553833
300.295 250.14 0.125122
350.324 249.81 -0.254639
400.27 249.802 -0.0216064
99.8287 -0.0385895 -0.0411377
150.011 0.058548 -0.274902
199.86 -0.279739 -0.697754
249.858 -0.196823 -0.0563965
299.687 -0.131668 -0.262451
349.722 0.0858917 -0.022583
399.376 0.215897 -0.0898438
100.108 49.8169 -0.52002
149.873 49.6074 -0.14502
199.94 49.6949 -0.227783
249.815 49.7904 -0.00683594
299.83 49.8942 0.187012
349.776 49.9899 0.0212402
399.467 50.1447 0.35791
0.510803 99.593 -0.355957
49.926 99.6235 -0.119873
98.9363 100.117 1.11682
150.009 99.7641 -0.251343
199.896 99.6705 0.0786133
250.187 99.4724 -0.238037
299.695 99.9469 0.269531
349.753 99.7862 0.219971
399.489 100.067 0.379883
0.36969 149.451 -0.585205
49.962 149.521 -0.022583
100.137 149.643 -0.366455
149.841 149.802 -0.104736
199.987 149.818 -0.255371
249.771 150.136 0.553467
300.176 149.673 -0.147217
349.678 150.095 0.515991
399.713 149.931 0.214111
-0.126465 199.585 0.104736
50.1594 199.679 -0.168945
99.8563 199.566 -0.280029
150.019 199.617 -0.136719
200.215 199.833 -0.337402
299.518 200.285 0.908447
350.054 199.996 0.190674
399.699 200.103 0.556885
0.342285 249.462 0.0302734
49.8871 249.84 0.25647
100.189 249.495 -0.552734
150.354 249.909 -0.371094
200.023 249.896 0.255981
249.81 250.043 0.587402
299.792 250.263 0.713501
349.853 249.995 0.200195
150.309 0.647125 -0.168701
200.362 0.56073 -0.251526
250.219 0.420502 0.124207
300.21 0.530365 0.0490723
350.097 0.389709 -0.0126343
399.956 0.322357 0.226379
50.1571 50.8507 0.226807
100.05 50.5125 0.123413
150.327 50.4624 0.0717163
200.049 50.2974 0.149109
250.118 50.2086 0.0670776
300.179 50.0918 -0.106018
350.054 50.1161 0.078125
399.781 50.3707 0.754456
0.00463867 100.335 0.167908
50.0435 99.9735 -0.0842896
100.012 100.192 0.220764
149.99 99.8082 -0.0289917
200.272 100.018 -0.243835
250.18 99.7559 -0.274475
299.972 100.175 0.200012
349.934 99.9012 0.211975
399.983 100.04 0.45166
-0.500366 150.185 0.131165
49.9851 149.764 -0.319641
100.168 149.757 -0.434265
150.19 149.512 -0.478027
200.119 149.817 -0.124939
250.215 149.504 -0.261169
300.241 149.705 -0.148193
350.201 149.474 -0.0289917
399.955 149.851 0.0437622
-0.478394 199.93 0.122498
49.431 199.605 -0.173218
100.054 199.663 -0.244446
150.05 199.594 -0.157776
200.279 199.259 -0.315796
250.397 199.316 -0.37262
300.256 199.602 -0.146545
350.025 200.001 0.158142
400.173 199.739 -0.129272
-0.381348 249.81 -0.353882
49.9539 249.563 -0.743835
100.009 249.613 -0.702087
250.417 249.524 -0.48114
300.298 249.372 -0.496643
350.434 249.865 0.0912476
400.401 249.471 -0.547546
50.3015 0.659058 0.341309
100.459 0.364746 -0.0732422
150.059 0.278381 0.192078
200.033 0.522034 0.217773
249.713 0.253723 0.424072
299.6 -0.0239868 0.542236
399.288 0.188843 0.71936
-0.116943 50.465 0.245911
50.1986 50.476 0.284119
99.8828 50.1912 0.34845
149.941 50.2916 0.187988
199.848 50.1764 0.248291
249.838 50.2208 0.372131
299.71 49.9453 0.437195
399.322 50.0015 0.770508
-0.00854492 100.388 0.0724487
50.0461 100.139 -0.117065
100.169 100.137 0.0444946
149.955 99.9218 0.164795
199.843 99.5958 0.0744629
249.714 99.7094 0.393066
299.807 99.7211 0.325562
349.599 100.026 0.78772
-0.445679 150.039 -0.0391846
49.7494 149.65 -0.263062
99.6396 149.981 0.057373
149.975 149.788 -0.0344238
199.929 149.668 0.180908
249.895 149.48 0.144287
299.85 150.082 0.618713
349.667 149.991 0.725464
399.456 150.324 0.809143
0.0281982 200.122 -0.592041
49.9227 199.412 -0.573914
149.714 199.216 -0.31897
200.062 199.225 -0.30127
249.837 199.361 0.0112305
299.785 199.965 0.309937
349.883 199.938 0.453369
399.751 200.235 0.577637
49.7155 249.491 -0.615845
99.8422 249.389 -0.702454
150.149 249.439 -0.598816
200.244 249.572 -0.280396
250.282 249.419 -0.294617
300.093 249.953 0.178101
349.996 249.786 0.0975342
399.537 250.4 0.624817
0.354858 0.123535 0.772034
50.3385 0.326721 0.349487
100.23 0.458252 0.0534668
149.902 0.12793 0.483643
200.18 0.789063 -0.292847
249.916 0.167786 -0.00866699
300.007 0.109375 0.216553
349.72 0.338684 0.12616
399.537 0.387207 -0.293091
49.6206 49.7408 0.970398
99.6458 49.6463 0.794067
150.399 50.4285 -0.279602
200.3 50.4167 -0.18042
250.212 50.5031 -0.329834
299.913 50.0988 -0.0751343
349.935 50.0867 -0.00854492
399.63 49.918 0.196838
99.9105 99.8257 0.412476
150.599 100.464 -0.699951
200.354 100.242 -0.437378
250.105 100.229 -0.436157
300.103 100.16 -0.305054
349.829 99.5593 0.14624
399.777 99.7053 0.276733
0.908936 150.161 -0.181641
51.6666 150.565 -1.07019
200.175 150.13 -0.494324
250.301 150.004 -0.616028
299.898 149.898 -0.0882568
350.042 149.672 -0.0473022
399.814 149.774 0.196045
1.83191 200.26 -0.740295
51.3464 200.319 -0.729187
100.658 200.084 -0.376709
150.991 200.411 -1.00629
250.322 200.054 -0.587402
300.325 199.932 -0.440674
350.169 199.733 0.0283813
400.028 199.633 0.0230713
1.93042 250.11 -0.816467
51.6364 250.075 -0.612732
100.656 250.001 -0.293335
150.419 249.933 -0.245483
199.895 249.97 -0.148315
248.966 249.241 1.02258
301.059 250.547 -1.33868
350.158 249.609 0.236694
400.161 249.609 0.286377
0.972168 0.0295639 -1.12488
49.1191 0.0524216 0.709229
149.891 -0.0113602 0.0249023
200.134 -0.278358 -0.159668
249.949 -0.104195 0.26001
300.086 -0.0380936 0.287964
349.881 -0.0420914 0.153564
399.805 0.0948715 0.494263
99.7434 49.8682 0.184204
150.173 49.8582 -0.169678
200.031 49.8184 0.174194
250.118 49.8349 0.12207
300.042 50.0691 0.426514
349.889 50.0154 0.380615
399.769 50.1142 0.373657
-0.551941 99.9825 0.260132
50.0816 99.7109 -0.494019
100.05 99.9408 -0.114746
150.736 99.7284 -1.07129
200.208 99.9153 -0.443848
250.286 99.8097 0.179932
300.215 100.001 0.431396
350.125 99.9001 0.322266
399.967 99.9755 0.543579
-0.276855 150.09 0.179688
49.7487 149.699 -0.433838
99.7618 150.077 -0.0623779
149.455 150.203 0.526733
200.035 150.123 0.323486
250.209 149.983 0.261353
300.352 150.143 0.287598
350.159 150.025 0.236084
400.083 150.046 0.253662
0.317993 199.869 -0.213867
49.9915 200.001 0.000854492
99.7928 200.111 0.0457764
150.228 200.06 -0.100342
200.476 200.009 -0.49646
299.446 200.563 1.51074
350.21 199.959 0.0167236
400.049 200.058 0.355347
0.30896 249.843 0.19043
49.9368 250.477 0.520752
100.281 249.975 -0.337891
150.382 250.372 0.31604
200.189 250.37 0.263184
349.906 250.061 0.742676
399.957 250.27 0.638062
0.42981 0.205292 0.243042
50.2729 0.139496 -0.0454102
100.143 -0.00512695 0.180908
149.972 -0.0258484 -0.0101318
200.002 0.0974731 0.294983
250.017 0.0711975 0.253418
300.001 -0.175018 -0.0404053
349.867 0.161255 0.141052
399.645 0.0267029 0.310547
0.388184 49.9092 -0.160095
50.4072 49.8298 -0.20166
100.262 49.8746 -0.0633545
150.327 49.6723 -0.264648
200.004 49.7894 0.360107
250.237 49.8795 0.0128174
300.082 49.8882 0.458862
349.846 50.2005 0.608337
399.861 50.2692 0.575623
-0.0479736 99.7192 -0.032959
50.0426 99.5626 -0.201416
100.398 99.9099 -0.297729
150.444 99.6023 -0.102051
200.409 99.6248 -0.156494
250.33 99.4767 0.0863647
300.35 99.757 0.10907
350.238 99.7865 0.389893
399.875 100.217 0.559509
50.0095 149.438 -0.273193
99.8337 149.667 -0.101013
150.489 149.67 -0.262573
200.243 149.559 0.113037
250.208 150.21 0.463013
300.315 149.709 0.203613
350.234 150.172 0.536804
400.279 149.996 0.330444
49.6129 199.947 -0.345581
150.074 199.657 -0.0657959
200.069 200.321 0.19873
250.301 199.76 0.0402832
299.987 200.384 0.862
349.93 200.335 0.789856
399.952 200.518 0.991333
-0.605713 250.063 -0.369019
50.4324 249.279 -0.99292
99.8234 250.237 -0.185303
150.215 249.873 -0.206299
200.462 250.171 0.161011
250.798 249.663 -0.243713
-0.574463 -0.419952 -0.713379
49.5471 -0.241425 -0.55603
99.4037 -0.364594 -0.48291
149.816 -0.264496 -0.0854492
199.884 -0.305878 -0.228638
250.331 -0.113495 0.106201
349.904 0.129425 -0.234375
400.321 0.302521 0.358887
-0.611633 49.7664 -0.320313
49.3384 49.6799 -0.344849
99.6711 49.752 -0.0665283
149.823 49.4848 0.0596924
200.534 49.9398 0.5354
299.133 49.5042 -1.00183
350.571 50.3075 0.336426
400.196 50.2527 0.13269
-0.565796 99.6559 -0.241821
49.5558 99.7537 -0.252197
99.4657 99.8142 -0.257813
149.912 100.263 0.791382
249.796 99.8636 -0.277832
299.795 99.8993 -0.422241
349.751 99.9178 -0.286133
400.491 100.014 0.0107422
-0.746216 149.738 -0.310791
49.1284 149.752 -0.568237
99.2173 149.598 -0.745728
150.705 150.569 1.18311
200.073 149.806 0.0544434
249.88 149.888 -0.126465
300.276 150.008 -0.0671387
350.155 149.892 -0.199463
400.125 150.016 0.072876
-0.401855 199.833 -0.298096
149.939 200.091 -0.059082
199.966 199.98 -0.00610352
250.209 199.955 0.112061
300.134 199.788 -0.292969
350.39 200.081 -0.237915
400.018 199.6 -0.414307
-0.217407 249.775 -0.243286
100.673 250.422 1.20288
149.891 249.956 0.0748291
199.927 250.147 -0.0993652
250.188 250.208 0.0866699
300.267 250.066 0.015625
350.281 250.155 -0.223022
400.381 250.003 -0.122803
0.309937 0.104294 -1.13354
49.8928 -0.0092926 -0.701416
99.9205 -0.0989532 -0.713501
199.812 -0.143692 -0.401611
249.92 -0.189407 -0.221313
299.627 -0.140762 -0.466797
349.329 0.0521088 -0.553467
399.459 0.148056 -0.0123291
-0.0130005 49.9339 -0.432007
49.691 49.7673 0.0230713
99.8912 49.6322 -0.319092
200.095 49.4279 -0.21521
250.173 49.7845 0.42334
300.069 49.6222 -0.135986
349.806 49.8609 -0.363525
399.481 49.8861 -0.0913086
-0.0968628 99.8894 -0.334351
49.5526 99.7368 0.296753
99.5729 99.8631 0.553833
199.865 99.6326 -0.138428
249.895 99.7917 -0.369751
299.918 99.6517 0.0805664
349.744 99.6428 -0.16394
399.556 99.7284 -0.0335693
-0.269958 149.893 -0.539917
49.697 149.781 -0.138916
99.6299 149.835 -0.0681152
199.699 149.91 -0.268433
250.122 149.9 0.398804
299.987 149.693 -0.295044
349.936 149.532 -0.108398
399.546 149.624 -0.252441
-0.514832 199.745 -0.261963
49.6696 199.849 -0.528809
99.4482 200.005 0.0837402
200.001 199.991 0.519165
250.224 199.93 0.0345459
300.158 199.808 0.214233
350.105 199.552 -0.345825
399.794 199.654 -0.0238037
-0.397644 249.927 -0.318359
49.5819 250.206 0.181396
99.6959 249.981 -0.803833
200.014 250.088 0.432983
249.943 249.938 0.152344
299.978 249.677 -0.0150146
349.672 249.801 0.140869
399.803 249.496 0.280518
100.513 0.808167 0.164307
150.066 0.531952 1.69043
200.154 0.761658 0.558594
250.098 0.592804 1.11304
299.888 0.848358 0.36792
349.751 0.914948 0.505493
399.613 0.899597 0.842041
0.539673 50.544 -0.243042
150.189 50.2584 1.0542
200.041 50.142 1.40063
250.056 50.1822 0.502808
300.033 50.1995 -0.0661621
349.874 50.4268 0.368896
399.49 50.4853 0.662109
0.282166 100.035 -0.389404
50.1304 100.011 -0.0825195
149.751 99.55 2.21021
200.249 99.9069 -0.202759
250.283 100.022 0.618774
300.101 99.9129 0.495972
349.962 99.9857 0.204712
399.765 100.222 0.167114
0.613342 149.972 -1.61206
50.2056 149.716 -0.648926
99.3929 149.486 1.65747
150.141 149.764 0.112427
200.159 149.567 -0.0778809
250.277 149.691 0.131592
300.197 149.687 -0.461426
350.167 149.818 -0.0321045
399.949 149.878 -0.146973
0.237732 199.576 -1.29126
50.137 199.734 -1.31299
99.5889 199.672 0.38916
150.249 199.736 -1.30884
200.248 199.662 -0.29248
250.386 199.522 -0.540649
300.44 199.552 -0.139526
350.277 199.605 -0.0723877
400.101 199.567 -0.676636
0.190796 249.515 -1.23096
49.7847 249.825 -0.328613
99.6438 249.649 -0.193359
200.299 249.452 -1.32214
250.499 249.469 -0.547241
300.381 249.563 -0.340576
350.514 249.483 -0.627441
400.297 249.6 -0.933716
49.8447 0.548027 1.08374
100.227 0.730431 0.25647
149.82 0.558922 0.984741
199.743 0.690147 0.345459
249.541 0.574944 0.739746
299.469 0.58239 0.480713
349.311 0.361534 0.447632
399.298 0.199089 0.396606
49.8322 50.2217 0.876587
99.7946 50.3311 0.540649
149.737 50.2165 1.08716
199.791 50.0975 0.854614
249.742 49.935 0.347046
299.69 50.0882 0.196899
349.539 50.0029 0.260376
399.248 50.1684 0.148926
49.5087 99.9331 1.02966
99.9848 99.9438 0.371216
149.929 99.7332 0.285522
199.902 99.8611 0.335083
249.825 99.8994 0.126343
299.843 99.7661 0.167603
349.632 99.9446 0.204468
399.638 99.9 0.639282
49.0759 149.726 1.22717
99.3063 149.522 0.78186
149.953 149.644 0.111206
199.955 149.752 -0.0065918
250.01 149.525 0.050415
299.894 149.534 -0.114624
349.775 149.578 0.280273
399.545 149.77 0.261841
-0.0686646 199.594 -0.907104
100.14 199.634 -1.04919
149.781 199.621 -0.163086
200.09 199.484 -0.198853
250.031 199.473 0.261841
300.045 199.406 0.305298
349.916 199.584 -0.0115967
399.932 199.5 -0.0374756
-0.330139 249.662 -0.818848
49.5543 249.435 -0.620239
150.184 249.549 -0.887329
200.259 249.486 -0.399292
250.267 249.531 -0.338379
300.216 249.393 -0.347778
350.091 249.614 -0.0314941
399.935 249.684 0.206909
0.451584 0.213867 0.0646973
50.4773 0.502075 -0.579346
100.019 0.155029 -0.458923
150.168 0.838501 -0.540588
200.065 0.434082 -0.0814209
300.146 -0.22583 0.888
349.742 0.46582 0.227112
399.497 0.486084 0.261902
0.54393 50.6667 -0.738098
50.0946 50.2749 -0.5177
99.8568 49.9331 0.258423
149.966 49.5963 0.498596
200.162 50.1306 -0.00244141
300.057 49.8206 0.582397
349.806 50.4414 0.283875
399.535 50.4587 0.19873
0.146896 100.244 -0.379761
49.7071 99.793 0.192627
99.7958 99.7559 -0.106689
149.891 99.5244 0.334473
200.503 101.363 -0.416687
349.808 100.096 0.440979
400.234 99.54 1.05768
-0.176407 149.891 -0.147827
49.7828 149.859 -0.345764
100.011 150.11 -0.487976
150.389 150.245 0.483337
200.188 150.704 -0.77417
300.239 149.334 0.530396
350.108 149.817 0.438538
399.804 150.067 0.207825
-0.0295563 200.19 -0.545837
50.1149 200.257 -1.00183
100.762 200.576 0.171753
149.726 199.834 0.125
200.787 201.502 -0.333862
249.99 200.784 -0.398376
300.596 198.772 1.72723
350.004 200.038 0.414063
400.029 199.899 0.410645
0.0676727 250.373 -0.937866
49.9751 250.247 -0.337708
99.877 250.116 -0.0603638
150.738 250.599 0.116211
200.028 249.924 0.276611
299.884 250.459 0.000366211
350.15 249.949 0.337891
399.883 250.089 0.133057
-1.75058 -1.42546 0.238525
100.973 1.29115 -1.79199
200.663 0.369888 1.77515
250.352 -0.00138855 0.509644
300.328 0.409439 0.668457
349.608 0.414139 -0.123779
399.581 0.499527 0.189575
51.0675 51.1981 0.296143
100.231 50.1181 -0.570068
200.19 50.0269 0.237427
250.502 50.0782 0.892944
299.887 50.2224 0.0446777
349.771 50.0994 0.081665
399.555 50.1404 -0.0935059
0.914581 101.223 1.22192
51.2212 99.1138 -2.078
100.924 100.994 -0.22876
200.706 100.298 1.5
250.169 100.252 0.42395
300.342 100.056 0.261597
349.927 100.021 0.0480957
399.962 100.04 0.0462646
50.8534 151.071 1.24316
100.853 149.333 -1.02283
150.282 150.206 0.981812
200.197 150.133 0.428833
250.3 149.941 0.205688
300.148 150.139 0.214478
350.274 150.03 0.126343
400.053 149.973 -0.1698
0.478241 201.157 1.09131
50.8643 199.402 -0.287964
100.052 200.345 0.762207
150.328 199.952 -0.46228
200.499 200.323 0.567749
250.454 200.009 0.00512695
300.194 199.865 0.4104
350.238 199.838 -0.25647
400.143 199.745 -0.239014
0.323517 249.834 0.106079
49.8708 250.645 0.760986
100.061 250.36 -0.408081
150.388 250.553 0.743164
200.499 250.178 -0.450928
250.486 250.24 1.146
300.4 249.957 0.438599
350.242 249.855 0.284424
400.302 249.807 -0.136597
3.15515 1.41856 -2.47888
150.066 0.144608 0.970093
200.178 0.296463 0.744629
250.131 0.268021 -0.278442
300.118 0.470779 -0.0699463
349.761 0.495712 -0.436523
399.883 0.392166 -0.102173
52.8787 51.1621 -2.93323
150.251 50.2935 2.89001
200.313 49.7687 0.891235
250.332 50.0454 0.200562
300.067 50.2091 -0.106323
350.005 50.0562 0.112671
399.918 50.0075 -0.361816
1.44086 100.77 0.0770264
150.432 99.7617 0.139771
200.308 99.7786 -0.286133
250.438 99.8454 0.410278
300.347 99.9867 0.086792
349.977 100.004 -0.149658
399.801 99.7264 -0.316772
1.97656 148.64 -2.20959
51.3293 150.69 0.447144
102.799 148.835 -4.9469
150.207 150.472 3.66528
200.597 149.484 0.232178
250.537 149.919 0.794922
300.112 150.108 0.355347
350.353 149.756 0.0552979
400.431 149.528 -0.280518
0.994873 201.06 1.19434
51.6361 198.922 -1.52454
100.817 200.641 1.26135
148.621 199.871 5.48914
200.383 199.838 0.306763
250.278 200.045 0.362915
300.412 199.625 0.21875
350.618 199.587 0.211792
400.506 199.69 0.251465
-1.69836 251.134 0.289307
49.8802 249.916 -0.612305
100.75 249.563 0.155762
150.183 250.029 0.227295
200.32 250.136 0.300903
250.379 249.743 0.0257568
300.609 249.901 0.53418
350.505 249.906 0.83728
400.413 249.905 0.613281
0.817383 0.303436 -0.164307
50.1639 0.671753 0.615723
100.531 0.892517 0.545776
150.331 0.46814 0.199585
200.257 0.544434 -0.00427246
250.172 0.414703 0.0356445
300.238 0.436432 -0.267334
349.856 0.164886 0.112183
399.866 0.536316 0.145996
1.61511 50.2665 -1.19409
99.4492 50.3633 1.26245
150.408 50.3004 0.12854
200.097 50.1199 0.000244141
250.184 50.1996 0.284424
300.056 50.0381 0.0701904
350.026 50.4548 0.66687
399.935 49.8865 0.0180664
-0.371826 99.7539 0.306396
48.7627 100.154 2.15002
99.505 100.982 2.14197
149.912 99.8941 0.26416
200.234 100.372 0.514893
250.119 99.8762 -0.026123
300.172 99.9678 0.151001
350.003 99.8493 -0.0751953
400.063 100.17 0.268555
48.0488 149.82 1.67786
99.7577 149.805 0.310791
149.655 150.791 1.50415
200.01 149.579 -0.00292969
250.009 149.888 0.299561
300.034 149.687 -0.0953369
350.06 149.508 -0.0888672
400.226 149.684 -0.122925
0.697266 201.109 0.524536
149.358 199.649 0.924805
199.92 199.828 0.292969
249.894 199.679 0.16748
300.126 199.747 0.225342
350.209 199.711 0.048584
400.19 199.505 -0.219238
50.8729 250.568 -0.12439
149.226 249.298 0.0473633
199.71 249.734 0.476929
249.954 249.837 0.207642
299.911 249.974 0.473389
350.138 249.372 -0.211182
400.22 249.758 0.0322266
0.534058 0.132965 -0.401001
50.3877 0.679596 0.122559
100.556 0.460205 -0.367798
150.48 0.277863 -0.315186
200.229 0.489227 -0.0267334
249.883 0.252808 0.146606
300.035 0.266235 0.052063
349.885 0.121887 0.30896
399.786 0.137695 0.31073
0.00488281 50.5378 0.389526
100.571 50.0775 -0.481812
150.278 50.4541 -0.000732422
200.117 49.9905 -0.0592041
250.053 50.0194 -0.0178223
299.818 50.0284 0.0681152
350.077 49.5489 -0.127625
399.881 50.0201 0.152954
50.1871 99.9545 0.0964355
100.186 100.498 0.356323
149.721 99.8338 0.168701
200.051 99.6062 -0.0373535
249.826 99.6526 0.0796509
300.043 99.9411 0.0557861
349.957 99.6978 0.048584
400.031 100.264 0.220581
0.0461426 149.843 0.120911
49.5607 149.975 0.547729
100.24 149.751 -0.230957
149.82 149.244 -0.0983887
199.701 150.077 0.406799
249.83 149.664 0.111694
299.694 150.041 0.152893
400.118 149.629 -0.109741
49.8961 199.825 0.194214
99.499 199.54 0.297607
149.522 199.722 0.292175
199.645 199.608 -0.0439453
249.318 199.842 0.0766602
299.898 199.419 -0.412903
349.84 199.977 -0.234131
-0.450317 249.901 0.665649
99.5104 250.279 0.60498
149.68 250.265 0.39917
199.538 250.404 0.547974
249.735 249.864 -0.0640259
299.682 249.808 -0.189697
349.868 250.215 -0.153564
399.612 250.262 -0.276245
-1.01703 -0.655594 0.53186
49.6199 -1.99904 -1.87671
99.6489 0.679062 -1.04126
149.942 -0.347061 -0.137451
198.782 0.216537 -2.08704
249.886 1.04308 0.998779
348.963 -0.188492 -1.03271
-0.581604 49.7856 0.0427246
50.068 50.7944 -0.542358
99.9274 51.1719 1.80591
149.308 50.1468 -1.25305
199.839 51.0609 0.980713
300.791 50.7704 1.40271
350.207 50.3929 0.290649
399.723 50.5705 0.681396
-0.149841 100.604 0.00537109
49.8006 98.2966 -1.41199
99.8278 100.256 -0.865234
150.316 100.877 1.59961
250.535 101.015 1.229
300.301 100.137 0.582764
350.166 100.665 0.891724
400.063 100.065 0.233887
-1.46527 151.225 1.4541
49.9387 150.22 0.165283
99.8005 150.575 0.663086
150.318 150.212 0.387817
200.024 150.944 1.00818
250.354 150.13 0.429077
299.845 150.363 0.35022
350.062 149.985 0.121582
399.363 149.646 -0.269043
-0.496765 200.161 0.213135
100.008 200.005 0.570801
150.024 199.945 0.218262
200.15 200.044 0.267578
250.03 199.783 -0.124146
300.321 200.158 0.0819092
349.77 199.794 -0.241699
399.601 199.542 -0.432861
49.6503 250.204 0.141724
100.296 250.388 0.773438
150.369 250.205 0.609619
200.055 249.949 0.181641
250.074 249.987 -0.0476074
299.888 249.741 -0.266235
349.806 249.892 -0.291016
399.75 249.78 0.155151
0.225708 0.137772 0.0958252
50.1275 0.324417 -0.334961
100.333 0.294022 0.656494
150.134 0.21846 0.85791
200.29 0.49678 0.78894
250.15 0.438553 0.498657
300.448 0.536575 2.18237
350.512 0.645218 2.30627
-0.113953 50.0775 0.355103
49.9562 49.906 -0.010376
99.997 49.867 -0.244263
150.063 49.6116 1.00354
200.026 50.1351 0.636841
249.998 50.604 -0.651855
300.291 50.1204 0.710815
-0.0511475 99.8142 -0.190063
49.4724 100.306 1.81262
100.144 100.061 -0.192505
149.992 99.9949 0.218018
200.453 101.024 -0.860596
250.161 99.8974 -0.387085
298.519 101.267 -4.39197
347.364 100.576 -5.297
-0.487732 149.566 -0.772095
49.7419 149.53 -0.0646973
100.211 149.507 -0.625732
149.883 149.459 0.386475
200.052 150.565 1.82141
249.899 150.9 -2.65222
300.103 149.836 -0.574341
399.795 150.471 0.359009
0.112366 200.129 -0.625366
49.0612 200.462 1.01135
100.803 200.877 -0.385132
149.992 199.972 0.311279
200.638 200.703 -1.39453
250.482 200.593 1.99744
351.339 200.262 2.14612
401.612 200.302 1.44287
-0.493958 250.01 -0.189087
50.6439 250.872 0.158325
100.053 249.935 -0.296265
150.983 250.665 -0.545044
200.423 249.997 -0.205811
250.064 250.451 -1.96875
301.054 250.539 1.92151
351.581 250.261 0.986938
400.295 249.725 -0.9823
-0.551373 -0.474243 1.10828
49.8943 0.361816 1.05859
99.8972 0.232849 1.63
149.908 0.297668 0.420532
199.816 1.11401 -0.819824
300.095 0.330872 2.79956
349.542 0.515808 1.33142
398.869 0.647522 0.0871582
-1.25456 50.6771 2.75732
49.7504 49.8635 0.692261
99.7159 50.1143 0.79126
149.935 50.4219 0.0106201
199.78 50.1318 0.454468
299.186 50.5702 -0.832031
350.211 50.4299 2.14941
399.438 50.2882 0.520752
-0.437969 99.6946 0.125977
50.7239 99.3139 -2.20508
100.7 100.823 -0.358276
199.965 101.1 -3.23535
300.67 100.167 2.76599
349.714 100 0.234741
400.657 100.392 2.15991
0.49654 148.915 -2.45959
49.5841 149.619 -0.0629883
98.9052 150.42 2.17847
150.672 150.867 -1.29102
299.734 150.028 0.0595703
350.77 150.024 1.82019
399.935 149.618 0.140747
-0.415386 199.712 -0.479248
50.4635 199.01 -1.77905
100.843 200.668 -0.384033
149.834 199.744 -0.32019
200.242 200.846 -3.03406
250.531 199.567 1.7688
300.654 199.727 1.30542
349.95 199.662 -0.110718
400.087 199.623 -0.223389
0.627338 248.82 -2.32214
50.5398 250.75 0.404419
100.102 249.72 -0.742065
150.601 250.378 -0.172852
200.269 249.84 -0.448853
250.717 249.921 0.752686
300.152 249.76 -0.129761
350.339 249.559 -0.351074
400.067 249.651 -0.169067
-0.744598 0.00952148 -0.384155
49.6894 0.0949707 -0.294067
100.299 -0.00671387 0.0810547
150.556 -0.0620117 0.52124
200.815 0.229858 0.603149
250.798 0.256958 0.65625
300.347 0.460938 0.573486
350.035 0.940369 0.774536
399.269 1.1853 0.832886
-0.272308 50.0547 -0.106689
49.662 50.0394 0.427002
100.32 50.1608 0.480164
150.863 50.2289 0.598389
200.809 50.3322 0.693237
250.42 50.2451 0.87793
300.058 50.5782 0.541992
349.468 50.8 0.768188
398.622 50.9929 0.463257
-0.242157 100.256 0.564209
50.2699 100.26 0.483459
100.603 100.26 1.0498
150.543 99.347 1.47888
200.414 100.06 0.805176
250.043 100.617 0.831055
299.571 100.434 0.427368
348.762 100.5 0.151978
397.756 100.654 -0.0292969
0.479126 150.146 0.790833
50.5808 150.142 0.745483
100.804 150.067 0.960388
150.656 149.552 1.60083
200.888 150.182 0.276611
250.077 150.051 0.319092
299.353 150.036 -0.152771
348.061 150.062 -0.487915
1.37927 199.891 0.606079
51.1805 199.828 0.861206
101.127 199.373 0.824829
151.109 199.399 1.12836
201.024 199.98 -0.584839
250.068 199.396 -0.564209
298.786 199.294 -0.470642
2.24231 248.985 0.734131
52.0443 248.884 0.780029
101.86 248.819 0.139587
151.349 248.52 0.138123
249.867 248.403 -0.980774
298.665 248.233 -1.44684
0.370605 -1.38052 -1.01056
50.6348 -0.981659 0.0941162
101.033 -0.994385 0.361511
151.262 -1.01901 0.713745
201 -0.416351 1.05219
250.783 0.284607 0.989075
300.131 1.02744 0.608521
349.182 1.94409 0.243469
397.991 2.76218 -0.515137
0.389526 49.5358 -0.725342
50.4144 49.3462 0.280701
100.843 49.4133 0.523682
150.934 49.6772 0.544861
200.615 50.1565 1.14258
250.508 50.2195 0.673096
299.878 50.8648 0.361145
348.87 51.4985 -0.00299072
397.758 52.3612 -1.01141
-0.213623 100.427 -0.289795
50.1343 99.9454 0.317932
100.915 99.7093 0.361389
150.563 100.127 0.846313
200.621 99.9919 0.730469
250.423 99.9369 0.453735
299.728 100.681 -0.00933838
348.746 101.133 -0.69043
-0.824585 151.357 -0.547913
49.9836 150.446 0.308777
99.4817 149.446 1.6405
150.896 150.128 0.58197
200.637 150.096 0.576172
250.218 149.988 0.494995
299.61 150.237 -0.18158
348.624 150.574 -1.16455
-0.555786 201.315 -0.167175
49.6719 200.816 0.482605
100.055 200.252 0.927368
200.859 199.891 0.444397
250.366 199.719 0.0429688
299.503 199.708 -0.636719
348.51 199.74 -1.73206
-0.853394 251.695 -0.053772
49.8224 250.947 0.482117
100.164 250.223 0.940613
150.138 249.717 1.09253
250.742 249.136 -0.671204
299.909 248.77 -1.28937
348.623 248.57 -2.32404
1.4071 1.88464 -0.21936
50.7772 1.34485 0.0325928
100.049 0.377319 0.315369
150.074 0.283386 0.400024
200.146 0.427673 0.0165405
250.487 -0.314026 -0.346802
300.891 0.178894 -0.720276
351.483 0.278748 -1.48358
1.90726 51.8824 -0.390625
51.1406 51.2741 0.166687
100.465 50.718 0.31366
150.391 50.5245 0.490845
200.282 50.6531 0.00256348
250.771 50.5137 0.0333252
300.854 50.6263 -0.576843
351.364 51.1185 -0.939758
401.963 51.1902 -1.58057
1.7868 101.298 -0.841858
51.2664 100.861 -0.0133667
100.693 100.609 0.349792
150.714 100.66 0.516907
200.376 101.097 0.0855103
250.531 100.713 -0.026062
300.871 100.866 -0.0651855
351.317 101.341 -0.598083
2.08292 151.074 -1.35162
51.4041 150.789 -0.370789
100.903 150.599 0.195007
200.361 151.031 -0.020752
250.55 150.781 0.306946
300.631 151.062 -0.159119
351.423 151.661 -0.225891
401.758 151.77 -0.820313
51.5342 200.214 -0.901978
101.467 199.896 0.585266
150.036 200.646 -0.41394
200.277 200.498 0.353088
250.253 200.653 0.570129
300.608 201.104 0.425964
350.935 201.558 0.0582886
401.467 202 -0.25592
51.8515 249.005 -1.13647
150.301 249.626 -0.246094
200.065 249.957 0.17157
249.92 250.091 0.461853
300.092 250.576 0.466064
350.384 251.031 0.125427
401.264 251.734 0.0952759
147.118 -2.54626 -0.315979
198.012 -2.63898 -0.255859
249.487 -2.29596 -0.87323
300.752 -2.04346 -1.0365
352.09 -1.8703 -1.32733
403.336 -1.71991 -1.47845
96.9929 48.7373 0.0924072
147.543 48.4774 0.167847
198.515 48.5846 -0.294434
249.726 48.8691 -0.366211
300.815 49.0414 -0.649048
352.017 49.3995 -0.357788
403.427 49.379 -0.764038
-3.25474 99.4005 0.618042
46.8179 99.2953 0.574219
97.2826 99.1923 0.270508
148.062 99.4565 0.248901
199.004 99.6191 0.198242
250.252 99.6786 -0.265259
300.517 99.6631 -0.313232
351.973 100.188 -0.354736
403.226 100.341 -0.608154
-2.48338 149.927 0.0623169
47.514 149.746 0.57251
97.8033 149.731 0.605103
148.454 150.245 0.574463
199.412 150.2 0.279907
250.554 150.102 1.03503
301.249 150.683 -0.0340576
352.262 150.825 -0.0870972
403.068 151.055 -0.368042
-1.91612 200.309 0.40625
48.1298 200.381 0.414978
98.4286 200.35 0.452942
148.725 200.496 0.845459
199.771 200.779 1.07526
301.149 201.11 0.158325
351.952 201.307 0.189819
402.981 201.737 0.108704
-0.646157 250.424 0.186829
49.1273 250.427 0.460999
99.0416 250.626 0.717163
149.674 250.822 0.929688
200.391 250.981 1.19952
250.36 251.804 -0.105469
301.172 251.513 0.539063
351.822 251.7 0.127441
402.398 251.97 -0.141785
47.0645 -2.10583 -1.39215
98.5497 -2.10205 -1.27625
150.46 0.0928345 -3.758
200.871 -2.02722 -0.666931
252.194 -1.97473 0.0666504
303.004 -1.74689 0.214844
46.9223 49.2164 -0.555603
98.5636 49.1889 -0.39502
150.049 49.6564 -0.656494
201.147 48.7722 0.00671387
251.608 48.9744 0.225098
302.748 49.2584 0.637695
353.536 49.3324 0.915527
47.3437 100.015 -0.201904
98.6993 99.816 -0.0615234
149.972 99.6986 -0.150574
200.812 99.9283 0.599365
251.442 99.9455 0.394653
302.56 99.6147 0.630981
352.932 99.9471 0.768494
403.643 99.8511 1.06818
-3.60226 150.738 -0.299438
47.433 150.676 0.152466
98.6665 150.329 0.177551
149.978 150.262 0.723938
200.817 150.328 0.393616
251.622 150.127 0.4021
301.9 150.322 0.847351
352.382 150.129 0.938232
402.957 150.268 1.13501
-2.89542 201.242 -0.000915527
48.175 200.79 -0.0310059
98.6733 200.979 0.523865
149.957 200.274 0.927795
200.767 200.903 0.544312
251.38 200.849 0.860229
301.418 200.34 1.01514
351.987 200.629 1.09644
401.756 200.327 0.605835
-1.8959 251.199 0.112
48.4613 251.264 0.800415
99.0806 251.064 0.451538
150.034 250.918 1.05139
200.625 251.322 0.703125
251.103 250.897 0.77771
301.339 250.69 0.719971
351.565 250.739 0.858093
401.356 250.549 0.91748
-1.04773 -0.556702 -1.03522
49.1135 -0.39032 -0.9198
98.9427 -0.859985 -0.988708
148.693 -0.483032 -0.937622
198.45 -0.423584 -0.54895
248.49 -0.26416 -0.448853
298.321 -0.130676 -0.128174
-0.3396 49.5426 -0.880249
50.3004 49.7867 0.0996094
99.7759 49.646 -0.372498
149.56 49.9155 0.0558472
198.959 49.7101 -0.213989
249.507 49.9474 0.575012
298.657 50.3564 0.498047
0.220032 99.4537 -0.497559
50.1177 99.7087 -0.523071
99.8572 99.6853 -0.333618
149.811 99.7416 0.015625
200.018 99.7974 0.559143
249.471 99.9934 0.385864
299.077 100.382 0.910828
348.425 100.135 0.675354
0.935242 149.6 -0.725342
50.3478 149.513 -0.675415
100.189 149.791 -0.463745
150.321 149.704 0.184692
199.965 149.847 0.252625
249.59 149.949 0.499451
298.871 149.943 0.588135
348.953 150.195 0.828308
398.471 150.27 0.715088
1.30634 200.289 -0.805054
50.7162 199.774 -0.656799
100.693 199.868 -0.0594482
150.174 199.738 -0.194336
200.116 199.937 0.380432
249.293 199.748 0.303772
299.207 199.706 0.725586
348.819 199.909 0.467163
398.76 200.005 0.632446
51.0963 249.602 -0.705688
100.122 249.535 -0.704712
150.314 249.713 -0.291382
199.818 249.804 0.048584
249.788 249.682 0.727722
299.182 249.55 0.677185
349.166 249.882 0.933228
398.663 249.627 0.520874
98.5082 0.483643 -1.55676
148.306 0.474426 -1.63995
198.627 0.269043 -1.23615
248.824 0.77356 -0.688293
347.815 1.02533 -0.892517
48.093 50.5704 -1.08038
99.1708 50.1143 -0.775635
149.257 50.3098 -0.519104
199.574 50.2178 -0.130127
249.195 50.2626 -0.359741
298.549 50.9214 -0.121216
348.2 50.8135 -0.16217
-2.05713 100.735 -1.14984
49.046 100.456 0.0553589
99.4109 100.079 -0.341553
149.954 100.22 0.484436
199.848 100.115 0.270447
249.881 100.312 0.580383
298.913 100.632 0.197876
348.439 100.841 0.213684
398.014 100.849 0.227966
-0.889404 150.398 -0.135864
49.7646 150.164 0.241882
100.239 150.086 0.237183
150.4 150.107 0.388611
200.2 150.141 0.23822
250.157 149.976 0.529419
299.289 150.335 0.379456
348.691 150.372 0.0924072
397.691 150.549 -0.186218
-0.290955 200.43 0.0814819
50.1904 200.305 0.224487
100.748 200.066 0.886719
150.922 199.96 0.400513
200.739 200.056 0.695007
250.593 200.243 0.709656
299.616 199.912 0.31543
348.88 200.19 0.359558
397.82 199.862 -0.378357
0.205566 250.557 0.636536
50.907 250.611 0.629822
101.197 250.584 0.964783
151.448 250.166 0.912781
201.1 250.011 0.406677
250.773 250.225 0.621521
299.791 250.226 0.664246
349.198 249.66 0.243591
398.26 249.852 0.0728149
99.6096 1.38739 -3.38525
149.602 1.12579 -2.56787
199.56 1.19495 -1.83984
249.258 1.61145 -1.30664
298.998 1.9173 -1.69458
348.417 2.38806 -1.34021
397.912 2.58765 -2.07446
49.7235 51.7797 -3.91577
99.4865 51.1462 -2.2323
149.668 51.1652 -1.59058
199.828 50.6661 -0.770752
249.465 51.1 -1.03992
299.098 51.3024 -1.01929
348.596 51.9537 -1.0918
397.925 52.2063 -1.99182
49.3304 101.794 -2.87646
99.5911 101.351 -1.49121
149.524 101.163 -0.408325
199.881 100.768 -0.517944
250.023 100.695 0.19043
299.446 101.052 -0.404907
349.113 101.018 -0.704468
398.36 101.629 -1.45703
48.8714 152.335 -1.63672
99.3868 151.446 -0.66272
149.789 151.065 -0.064209
199.992 150.673 0.361816
249.991 150.591 0.622314
299.677 150.538 0.10437
349.12 150.897 -0.258179
398.746 151.056 -1.28137
-2.11938 203.777 -2.5188
48.6901 202.359 -0.862427
99.1992 201.718 0.00622559
149.716 200.826 0.772461
200.163 200.454 0.783936
250.338 200.123 1.17505
300.331 200.07 0.749268
349.883 200.213 -0.0610352
399.048 200.729 -0.780029
48.5096 253.089 -0.302002
99.1979 251.753 0.802612
149.792 251.323 1.48682
200.302 250.64 1.74219
250.673 250.203 1.68958
300.549 249.914 1.44312
350.279 250.023 0.723145
399.438 250.351 -0.489014
192.322 -0.293396 -1.85529
243.129 -0.793762 -1.5376
293.523 -0.915588 -1.29315
344.574 -0.83374 -1.00934
394.78 -0.81366 -1.12909
93.7697 49.8447 -1.50708
144.361 49.6203 -0.722229
194.674 49.3339 -0.616821
245.243 49.1453 -0.277649
296.021 49.4677 -0.0123901
345.764 49.1752 -0.467712
396.178 49.5757 -0.229797
-5.18427 100.164 -1.69281
45.606 99.7184 -0.545105
96.12 99.534 0.0552368
146.233 99.6496 0.424133
196.662 99.5983 0.573364
247.071 99.8533 0.558594
298.005 99.8804 0.825378
347.248 99.8121 0.328186
398.237 100.231 0.762634
-2.52325 149.781 -0.195496
47.2775 149.589 0.233459
97.5253 149.631 0.417053
147.926 149.822 0.849121
198.656 150.144 1.18243
248.866 150.355 1.27557
298.991 150.442 1.23114
348.906 150.367 1.2002
399.328 150.73 1.16144
-1.0166 200.115 0.2099
48.7875 199.968 0.532288
98.8895 200.079 0.80304
149.352 200.411 0.967102
199.548 200.271 1.12805
249.811 200.79 1.30609
300.147 200.674 1.46735
349.94 200.904 1.35077
400.647 201.331 1.2312
-0.196594 250.498 0.154785
50.0043 250.803 0.74353
100.104 250.829 0.694031
150.293 250.939 1.1131
200.484 250.937 1.2688
250.718 251.189 1.39655
300.799 251.348 1.43805
351.219 251.74 1.41888
401.301 251.685 1.3371
-0.929565 0.36969 -0.348022
49.3619 0.434265 -0.182983
99.4675 0.304138 -0.0327759
149.545 0.639282 0.0518799
199.484 0.802063 0.207703
249.389 0.802429 0.262939
299.243 1.07843 0.19751
349.089 1.07971 0.457153
398.036 1.55328 0.430664
-0.847412 50.5519 0.134766
49.4109 50.3364 0.532837
99.2198 50.98 0.686035
149.687 50.7401 0.488342
199.443 50.9339 0.443787
249.131 50.9487 0.449463
299.058 51.2786 0.178345
397.53 51.2018 0.490784
-0.310303 100.336 0.591553
50.1175 100.356 0.55896
100.127 100.263 0.656616
149.997 100.352 0.463135
199.547 100.528 0.550659
249.417 100.604 -0.038208
299.057 100.83 -0.208862
348.683 101.63 -1.01294
0.0261841 150.48 0.933716
50.4229 150.107 0.65332
100.54 150.104 0.709229
150.337 149.844 0.685547
200.173 150.015 0.110718
249.569 150.227 -0.187866
299.156 150.405 -0.80127
348.543 150.614 -1.55908
1.26331 199.956 0.886169
51.2971 199.506 0.742615
100.989 199.396 0.62146
151.017 199.296 0.00689697
200.453 199.367 -0.243164
249.98 199.344 -0.835815
299.231 199.295 -1.18695
348.496 199.532 -1.92084
2.04681 249.149 1.09253
51.9534 248.721 0.67041
102.125 248.655 0.0755615
151.754 248.51 -0.219727
201.263 248.149 -0.663147
250.606 248.177 -1.37201
299.445 248.166 -1.96472
0.986343 1.39478 0.472961
50.5349 1.01971 0.397034
99.8857 0.496582 0.806091
149.488 -0.0782471 0.54834
199.316 -0.235657 0.386536
249.178 -0.171509 0.057251
299.644 -0.0478516 -0.42041
350.252 0.00012207 -1.41321
1.57196 51.3461 0.0987549
50.7298 50.8279 0.474121
100.436 50.5913 0.391785
150.029 50.3727 0.822205
199.484 50.0408 0.440979
249.352 49.9534 0.547913
299.647 50.2076 0.139587
350.351 50.371 -0.523743
1.94209 101.182 -0.434875
50.98 100.665 0.292236
100.564 100.538 0.498474
149.687 100.315 0.668762
199.145 99.9401 0.649353
249.46 100.223 0.488342
299.893 100.386 0.785706
350.715 100.483 0.648315
2.46393 150.862 -1.4209
51.4507 150.551 -0.541565
100.52 150.246 -0.167297
149.749 149.973 0.36499
199.589 150.375 0.562805
249.48 150.092 0.752747
299.823 150.617 0.680237
350.857 149.969 1.11444
400.089 152.318 -1.56744
51.6837 199.971 -1.51715
100.585 199.575 -0.584045
150.209 199.9 0.0353394
199.589 199.865 0.554749
249.407 200.241 0.597595
299.842 200.462 1.01276
351.395 199.83 2.46619
399.852 201.592 -1.05658
52.0656 249.296 -1.94672
100.812 249.249 -1.23541
150.013 249.301 -0.70343
199.452 249.297 -0.290833
249.275 249.798 0.0487061
299.622 250.077 0.600525
399.857 251.255 -0.337036
47.02 -1.24078 -0.687378
97.5699 -1.41693 -0.733032
148.272 -1.54065 -1.07788
199.209 -1.50458 -1.09766
250.088 -1.30957 -1.23633
301.002 -1.11896 -1.81458
352.429 -0.496399 -2.61719
-3.3725 49.2203 -0.256226
47.2961 49.4623 -0.0960693
97.9835 49.1948 -0.702881
148.6 49.2089 -0.280762
199.403 49.2239 -0.532471
250.053 49.2518 -0.518066
300.941 49.493 -0.692871
352.112 49.5564 -0.844238
403.236 50.4077 -1.83472
-2.66202 99.6591 -0.0734863
47.7858 99.7242 0.0812988
98.5834 99.9554 0.414551
148.717 99.8656 0.102417
199.42 99.7814 -0.131836
249.73 99.8516 0.0791016
300.991 99.9283 0.302734
352.009 99.8113 0.192627
-2.04645 150.25 -0.0681152
48.3631 150.116 0.458252
98.8649 150.059 0.507324
149.154 150.204 0.131592
199.441 150.266 0.314453
249.89 150.069 0.464844
300.662 150.407 0.651855
351.706 150.084 1.02832
-1.46436 200.536 0.356079
48.7914 200.456 0.240723
98.9879 200.34 0.198364
149.376 200.216 0.422852
199.647 200.394 0.644409
250.09 200.681 0.698608
300.605 200.491 0.787231
351.451 200.334 1.54272
-0.942322 250.414 0.0948486
49.1326 250.373 0.279053
99.4843 250.39 0.378418
149.89 250.337 0.353882
199.758 250.56 0.511108
250.306 250.664 0.699219
300.426 250.644 0.94165
351.601 250.517 1.58545
-2.09186 -1.29852 -1.5968
48.7748 -1.21136 -1.28424
99.3722 -1.05023 -1.17535
150.116 -1.03931 -0.867615
201.068 -1.09973 -0.866211
252.309 -0.858521 -1.01367
-2.69702 49.8785 -0.772827
48.5538 49.5924 -0.725769
99.129 49.5874 -0.396301
149.806 49.4833 -0.307983
200.513 49.4697 0.00274658
251.259 49.1729 0.30481
301.809 48.9138 0.911438
-2.02124 100.032 -0.724792
48.4672 100.132 -0.260315
99.0451 99.9962 -0.126526
149.666 99.9765 0.0629883
199.991 100.037 0.520081
250.589 99.9952 0.777039
301.135 99.3123 1.91669
352.622 101.105 -0.656677
402.52 100.236 0.804504
-1.83502 150.445 -0.393555
48.7518 150.27 -0.0812378
99.1843 150.182 0.213196
149.42 150.258 0.187256
200.122 149.958 0.477844
250.285 150.272 1.04962
300.755 149.824 1.75018
402.04 150.715 0.170715
-1.83099 200.936 -0.233337
48.786 200.744 0.122742
98.9404 200.643 0.278748
149.43 200.462 0.468445
199.765 200.428 0.67572
249.973 200.482 1.0451
300.363 200.099 1.65588
350.082 199.498 2.83282
401.228 201.111 -0.311768
-1.41223 250.93 -0.167664
48.9658 250.741 0.399658
99.4226 250.613 0.254272
149.656 250.581 0.295227
199.724 250.528 0.305847
250.045 250.466 0.491699
300.285 250.363 0.958069
350.195 249.85 1.5495
401.114 251.546 -2.05365
-0.517082 -0.463684 -0.720886
50.4329 -0.261414 -0.425232
100.756 -0.391296 -0.367493
151.165 -0.0638428 -0.458862
201.209 -0.11554 -0.379944
251.587 0.0979614 -0.162292
301.663 0.164978 -0.0384521
351.943 0.481201 -0.031189
402.102 0.478699 0.0513916
0.245613 50.2488 0.0376587
50.8858 49.7852 0.275818
101.098 50.0606 0.162659
151.161 50.1249 0.183411
201.201 50.1719 0.104919
251.133 50.1367 0.628601
300.952 50.6509 0.523254
351.064 50.5037 0.53302
400.758 50.5814 0.402771
1.1822 100.133 0.49469
51.3421 100.454 0.366089
101.311 100.293 0.400879
151.263 100.211 0.46759
200.976 100.035 0.756042
250.682 100.231 0.410461
300.286 100.379 0.530518
350.026 100.394 0.458923
399.451 100.521 0.507996
2.25547 150.071 0.308655
51.7526 150.273 0.297668
101.457 150.344 0.305786
151.061 149.938 0.555725
200.556 150.026 0.300964
249.881 150.002 0.281006
299.218 150.124 0.193298
348.42 150.143 0.272644
397.628 150.238 0.169617
2.88996 200.312 -0.312744
52.3547 199.808 -0.0379639
101.694 199.67 0.0684204
150.881 199.676 -0.310242
199.955 199.509 -0.229919
249.256 199.733 -0.199951
298.27 199.641 0.148621
52.546 248.768 -0.392151
101.741 249.286 -0.927185
150.514 249.13 -0.951111
199.492 249.005 -1.01733
248.348 248.754 -0.876953
-0.136383 -0.176697 -1.80756
50.8343 -0.774475 -0.991272
101.418 -0.890869 -0.57666
201.925 -0.847229 0.200867
252.083 -0.515686 0.376892
301.802 -0.228088 0.426697
351.397 0.0373535 0.47876
400.165 0.761292 0.286743
-0.700348 50.3743 -0.664001
50.6339 49.473 -0.178223
101.54 49.0313 -0.169373
151.455 49.5153 0.227051
201.453 49.6024 0.675415
251.437 49.7864 0.751892
301.152 49.9742 0.481079
350.269 50.2686 0.410339
399.261 50.8812 -0.0497437
-0.445343 100.224 -0.11554
50.152 100.147 0.499695
100.972 99.8517 0.588257
151.394 99.5388 0.721558
201.221 99.6942 0.75531
250.636 100.059 0.742432
300.258 100.276 0.32843
349.392 100.586 0.0205688
-0.818817 150.172 0.778931
50.4912 150.196 0.779358
100.727 150.128 0.77887
150.928 149.87 0.521118
201.077 149.736 0.468567
250.456 149.804 0.504272
299.702 150.106 -0.00238037
348.46 150.69 -0.455017
-0.104492 200.652 0.27594
50.6653 200.234 0.416565
100.888 199.699 0.765747
151.088 199.631 0.474609
200.727 199.685 0.415771
250.214 199.785 -0.00445557
299.144 199.994 -0.458496
347.932 200.257 -1.13055
0.212616 250.086 0.625366
51.059 250.08 -0.0262451
101.087 249.891 0.53241
151.004 249.266 0.146484
200.756 249.368 -0.157593
250.048 249.409 -0.782166
298.831 249.611 -1.41565
297.231 -1.35297 -0.66571
348.749 -1.38745 -0.848572
400.289 -0.748169 -0.961121
-3.01843 48.188 1.01508
47.0415 48.37 1.17975
96.8252 48.2004 1.20593
147.554 48.2542 1.26923
197.643 48.1477 0.934082
247.704 48.9039 0.0498657
299.078 49.0679 -0.103088
349.735 49.3688 -0.262634
400.481 49.79 -0.633118
-1.48209 99.347 0.720703
48.0587 98.9508 0.808289
97.9073 98.8793 0.851379
148.247 99.1871 0.748535
197.962 99.4621 0.515198
249.273 99.4879 0.904419
299.916 100.085 0.679077
350.323 100.454 0.31488
400.949 100.72 -0.0234375
-0.507996 150.12 -0.159241
48.9974 149.565 0.517395
99.1712 149.627 0.69281
149.103 150.282 0.985718
199.662 149.758 1.18591
250.413 150.673 1.28412
300.329 150.609 0.819519
350.964 151.006 0.617737
401.609 151.6 0.226135
0.7742 200.759 -0.365906
50.0253 200.5 -0.0861206
99.8294 200.219 0.289917
149.778 200.391 0.549194
200.034 200.193 0.913025
250.379 200.725 0.787231
300.855 201.114 0.721008
351.416 201.503 0.447693
401.478 201.593 0.259705
1.72714 250.652 -1.46478
50.9707 250.298 -0.703003
101.03 250.326 -0.169617
150.502 250.706 0.0203247
200.862 250.919 0.446655
250.658 250.789 0.521057
301.278 251.415 0.645081
351.642 251.938 0.38324
402.082 252.497 0.0779419
147.471 -0.398071 -1.48425
198.722 -1.04736 -1.16827
250.304 -0.966675 -1.10474
301.247 -0.846436 -1.33691
352.7 -0.490845 -1.35944
403.258 -0.362488 -1.75757
97.0905 48.8711 0.289429
148.112 49.4576 -0.208557
199.563 49.553 -0.300232
250.16 49.3499 -0.562805
301.667 49.8826 -0.517944
352.395 49.9796 -0.767578
403.814 50.4301 -0.877197
47.2659 99.5847 0.294983
97.681 100.007 0.165588
149.149 99.8979 0.515015
200.256 100.225 0.606812
250.765 100.347 0.156189
301.565 100.206 0.124573
352.652 100.65 -0.191284
403.362 100.742 -0.121643
-2.79584 150.216 0.634521
48.0338 150.303 0.765991
98.4502 151.558 -0.57605
149.504 150.199 0.847778
200.41 150.453 0.867737
250.927 150.524 0.636475
301.847 150.658 0.413086
352.523 150.806 0.508667
403.13 150.969 0.249084
-1.7023 200.553 0.612854
48.9352 200.467 0.56427
99.4439 199.652 1.40845
150.332 200.55 0.589172
200.764 200.58 0.942627
251.186 200.609 0.501221
301.687 200.577 0.818787
352.352 200.81 0.391724
402.605 201.012 0.376221
-0.436253 250.469 0.179993
49.8923 250.298 0.429199
100.058 250.623 0.249084
150.547 250.515 0.445923
201.004 250.615 0.681396
251.07 250.496 0.469482
301.711 250.892 0.719971
352.099 250.913 0.455566
402.507 251.134 0.759338
