-0.38324 -0.589432 1.86116e-005
49.8169 -0.504166 9.39518e-006
99.9513 -0.25087 1.37575e-005
149.942 -0.218765 5.58794e-006
200.113 -0.105301 2.08244e-005
250.055 -0.0977936 1.15559e-005
300.169 0.122116 2.25045e-005
349.869 0.313522 1.86488e-005
399.723 0.0129242 6.99982e-006
-0.327759 49.8535 -1.93715e-006
49.9181 49.9146 -1.78069e-006
99.964 49.9222 5.55068e-006
150.246 50.0147 1.84104e-005
200.242 49.7946 4.82053e-006
250.292 49.932 1.50464e-005
300.118 50.1514 1.91703e-005
350.168 50.1789 2.54251e-005
399.789 50.5552 3.84077e-005
-0.214722 99.9548 -1.25468e-005
49.8313 99.9342 -1.20327e-006
99.9189 99.8841 2.63005e-006
150.133 99.7533 -3.5055e-006
200.197 99.8199 1.46665e-005
250.173 99.8354 1.06916e-006
300.34 100.067 2.63676e-005
349.979 100.136 8.16584e-006
-0.260956 150.119 -2.41399e-006
49.7649 149.905 -1.49757e-005
99.9488 150.092 -1.03936e-005
150.135 149.925 -2.92435e-006
200.052 149.874 -1.10492e-005
250.259 149.64 -3.18885e-006
300.123 150.074 -1.28895e-006
350.357 150.205 2.525e-005
-0.294037 200.276 -2.4341e-005
49.8484 200.302 -2.12453e-005
99.9043 200.114 -1.84216e-005
149.971 200.211 -1.47112e-005
200.246 200.208 4.00469e-006
250.288 200.211 8.42288e-006
300.358 199.727 -2.30968e-006
-0.131042 250.459 -4.43831e-005
49.8684 250.521 -2.76156e-005
99.8177 250.299 -3.05027e-005
150.027 250.283 -2.01687e-005
200.215 250.614 3.24473e-006
350.344 249.719 -5.35958e-005
400.074 249.741 -6.07595e-005
-0.0375061 0.00756836 -1.77715e-005
49.977 0.0979004 -7.58655e-006
100.146 -0.131348 9.11951e-006
150.094 0.169678 1.85687e-005
200.133 0.234802 3.74615e-005
249.94 0.118591 4.39808e-005
299.946 0.203552 6.02789e-005
349.447 1.04004 8.96221e-005
-0.444366 50.157 -2.2335e-005
49.6641 49.8458 -2.53879e-006
99.9576 49.9268 3.42354e-006
150.144 50.0385 1.81701e-005
200.166 49.8866 2.32775e-005
250.094 49.752 4.45824e-005
299.521 50.9263 7.38613e-005
349.417 50.844 8.85352e-005
399.515 49.641 6.10352e-005
-0.488617 100.143 -1.77659e-005
50.0956 99.8545 -2.06288e-005
99.6953 100.177 3.75696e-006
150.162 99.8365 1.07922e-005
200.131 99.6584 2.93124e-005
300.138 99.3782 3.32277e-005
349.768 99.8226 5.55217e-005
399.318 99.6644 6.14962e-005
-0.234497 150.008 -3.03015e-005
49.8897 150.039 -1.8985e-005
99.9053 150.024 -9.46783e-006
150.251 149.196 -2.04332e-006
200.267 149.882 1.97105e-005
250.107 149.952 3.40957e-005
300.256 149.734 3.67779e-005
350.033 149.513 4.51766e-005
399.53 149.829 6.08563e-005
0.387878 199.697 -5.48773e-005
149.728 200.994 2.09492e-005
200.079 200.262 2.30968e-005
250.244 199.865 2.2715e-005
299.969 199.968 4.6527e-005
349.823 199.445 3.82401e-005
399.43 199.756 6.05416e-005
49.7098 250.352 -2.11224e-005
149.816 251.138 1.48788e-005
199.992 250.247 1.12709e-005
250.449 250.195 3.18047e-005
300.114 249.69 3.48166e-005
349.888 249.697 4.72311e-005
399.462 249.503 5.36265e-005
0.194794 -0.101257 2.96999e-006
50.0267 -0.249817 1.11414e-005
100.078 -0.174011 2.33753e-005
149.93 -0.0812378 3.27323e-005
199.891 -0.00012207 4.86979e-005
249.916 0.514404 6.4007e-005
0.128693 49.5657 -1.10744e-005
49.9876 49.7396 7.06967e-006
100.078 49.6984 1.50697e-005
150.182 50.0141 3.05958e-005
199.939 49.8044 3.8906e-005
250.117 50.2835 5.90673e-005
349.549 49.9767 7.1235e-005
399.349 50.0042 7.70278e-005
-0.0422058 99.8505 -1.67293e-005
49.849 99.8766 -1.8524e-006
100.044 99.872 8.60449e-006
150.263 99.6536 2.0911e-005
200.253 99.9591 3.71914e-005
250.212 100.027 4.96339e-005
349.835 99.6821 5.94957e-005
399.533 99.8373 7.39191e-005
-0.14209 149.953 -2.54652e-005
49.9404 149.911 -1.1621e-005
99.8914 149.786 -4.80283e-006
150.319 149.807 1.05845e-005
200.167 149.784 1.96742e-005
250.226 149.517 3.3916e-005
300.143 149.674 4.4222e-005
350.03 149.784 5.53904e-005
399.819 149.748 6.34696e-005
-0.195587 200.309 -3.47691e-005
49.6957 199.992 -2.8125e-005
99.9646 199.77 -9.07201e-006
150.063 200.037 2.26032e-006
250.252 199.997 2.71024e-005
300.436 199.836 4.1048e-005
350.213 199.767 4.98993e-005
399.967 200.095 6.45304e-005
-0.257965 250.115 -4.65354e-005
49.8396 250.381 -3.4024e-005
99.9589 250.454 -1.70255e-005
150.127 250.013 -6.20354e-006
200.272 249.674 -1.35694e-006
250.529 250.501 2.35606e-005
300.763 250.227 3.57674e-005
350.506 249.985 4.76977e-005
400.228 250.01 5.67166e-005
0.421631 -0.128174 -1.04159e-005
50.0473 -0.452881 -2.81036e-005
100.323 0.0377197 -1.97235e-005
150.179 0.0825195 -3.27062e-005
200.129 0.433838 -3.66736e-005
250.05 0.281799 -4.72106e-005
349.608 0.419067 -6.9242e-005
399.275 -0.153076 -9.53861e-005
0.195892 49.6456 1.35601e-006
50.4206 50.0972 -5.55813e-006
99.8494 49.6511 -2.70866e-005
150.304 50.1531 -1.69408e-005
199.929 49.9211 -3.48948e-005
250.253 50.5557 -2.41101e-005
349.743 49.9096 -6.06049e-005
399.596 50.3398 -6.6312e-005
0.192413 99.9937 1.47633e-005
50.2498 99.8156 4.07174e-006
100.227 99.9964 -2.9318e-006
149.943 99.8567 -1.25561e-005
200.293 100.356 -8.62405e-006
250.1 100.372 -1.9161e-005
349.699 99.5155 -5.30984e-005
-0.0688782 149.949 2.47601e-005
50.0175 150.161 1.96006e-005
100.048 149.776 5.04777e-006
150.033 150.026 -1.48453e-006
199.981 149.906 -8.58679e-006
249.985 150.039 -1.03619e-005
349.949 149.312 -3.38964e-005
400.088 149.8 -4.01195e-005
-0.160828 199.895 3.37418e-005
49.7397 199.941 2.11187e-005
99.9261 199.895 1.80416e-005
149.963 200.037 2.09901e-005
199.987 200.051 8.13417e-006
249.837 199.875 -5.66244e-007
300.028 199.858 -8.35769e-006
350.115 200.007 -1.5134e-005
400.256 200.058 -1.96472e-005
-0.243195 250.087 4.81531e-005
50.0198 250.086 3.53698e-005
99.7136 250.047 3.0797e-005
149.905 250.143 2.90945e-005
199.906 250.141 2.36891e-005
249.911 250.093 1.36867e-005
350.331 250.47 1.06804e-005
400.301 250.053 -8.43778e-006
49.9886 0.184937 -1.04308e-005
100.144 0.438599 -7.43568e-006
199.409 -0.309326 -4.22038e-005
250.002 0.311646 1.21817e-005
299.774 -0.0605469 -1.46404e-005
350.062 0.0454102 3.40492e-006
399.949 0.0365601 -3.30433e-006
50.4718 50.4114 9.23872e-007
100.219 50.1555 -4.32134e-007
150.21 50.3685 1.45286e-005
249.586 49.4871 -2.47955e-005
299.923 49.9393 3.92646e-006
349.945 49.6943 -1.69799e-005
400.202 49.9283 1.42306e-006
0.586273 100.219 5.02914e-006
50.2622 100.021 1.99303e-006
100.109 100.065 1.28932e-005
149.5 99.634 -2.35885e-005
249.391 99.3275 -3.18289e-005
299.78 99.4331 -2.06009e-005
350.208 99.7613 1.50502e-006
400.26 99.7294 -8.42661e-006
0.239044 149.952 2.0057e-005
50.0401 149.92 -6.48201e-006
100.183 149.931 7.80448e-006
150.15 150.061 6.51926e-006
199.897 149.986 1.04532e-005
299.76 149.976 -5.8189e-006
350.192 149.704 -1.26734e-005
400.379 149.821 -8.03173e-006
0.383453 200.011 1.35116e-005
50.1541 199.922 1.94386e-005
100.024 199.892 7.87526e-006
149.775 199.829 5.07757e-006
199.817 200.057 1.56835e-006
250.038 200.729 3.67761e-005
299.962 200.154 -5.68107e-006
349.823 199.853 -2.16439e-005
400.672 200.253 1.5758e-006
0.391388 249.771 2.29515e-005
50.1383 249.845 1.81049e-005
99.9008 250.167 2.72803e-005
149.798 249.922 7.90507e-006
199.83 250.126 1.12131e-005
249.602 249.977 -1.72518e-005
299.474 249.908 -2.22698e-005
350.21 250.537 -4.35859e-006
400.279 250.24 -1.51768e-005
0.121056 -0.143707 -6.50436e-005
49.8723 -0.10556 -5.82747e-005
100.333 -0.148346 -4.57037e-005
150.177 -0.2099 -3.80035e-005
400.076 0.0203247 5.41657e-006
-0.0212173 50.0548 -6.76662e-005
50.0325 50.0317 -6.41756e-005
100.014 49.9341 -6.08098e-005
150.293 49.9395 -4.18369e-005
200.059 49.9106 -3.71803e-005
250.16 49.9025 -2.77478e-005
300.28 50.2027 -1.71643e-005
350.103 50.0478 -1.20569e-005
399.729 49.9583 -2.88151e-006
0.0379868 99.9931 -7.85161e-005
50.0935 99.8964 -7.16876e-005
100.054 99.9046 -6.23893e-005
150.053 99.9998 -5.3985e-005
200.323 100.157 -4.12911e-005
250.224 100.026 -3.51574e-005
299.902 99.8138 -3.3658e-005
349.857 100.183 -1.90139e-005
399.782 100.105 -1.33831e-005
-0.198158 150.169 -9.06866e-005
50.0313 149.801 -7.83876e-005
100.162 149.88 -6.40918e-005
150.245 150.085 -6.14692e-005
200.089 149.88 -5.79916e-005
250.205 149.783 -4.33307e-005
300.153 150.077 -3.58988e-005
349.995 149.989 -2.78521e-005
399.68 150.048 -2.289e-005
49.7086 200 -8.76654e-005
100.162 200.079 -7.3716e-005
150.1 199.987 -6.00163e-005
200.27 199.955 -5.30872e-005
250.222 199.958 -5.32363e-005
300.045 199.877 -4.45358e-005
349.752 199.705 -3.99668e-005
399.74 199.938 -3.18941e-005
-0.143959 250.076 -9.69786e-005
49.9812 249.919 -8.79206e-005
100.011 249.941 -7.78511e-005
150.244 250.024 -6.65244e-005
200.369 249.877 -6.36335e-005
250.24 249.784 -5.97071e-005
300.027 249.596 -5.34263e-005
349.834 249.866 -4.65456e-005
150.159 -0.110321 -2.7122e-005
200.19 0.0149841 -7.95163e-006
250.008 -0.154449 3.00258e-006
300.05 0.0126038 2.19885e-005
349.761 -0.0470886 3.14135e-005
399.723 0.274689 5.29345e-005
-0.380898 49.8991 -8.54824e-005
50.0402 49.8924 -6.80294e-005
99.9768 49.987 -4.93322e-005
150.053 49.9668 -3.53456e-005
200.11 50.1012 -1.59033e-005
250.137 49.9558 1.53482e-006
300.149 50.2353 1.95336e-005
349.896 50.1467 3.12123e-005
399.661 50.4048 4.95072e-005
-0.223 99.9258 -9.54345e-005
49.9275 100.034 -7.35242e-005
100.172 100.009 -5.46221e-005
150.19 100.202 -3.60999e-005
200.146 99.97 -2.48328e-005
250.073 100.269 -6.7316e-006
300.135 99.9985 1.07493e-005
349.781 100.213 2.31583e-005
399.61 100.114 4.11663e-005
-0.392311 149.997 -0.000105942
49.8135 149.96 -8.37501e-005
99.7272 150.003 -6.48815e-005
150.131 149.941 -4.85312e-005
200.193 150.145 -2.33706e-005
250.118 149.931 -1.50893e-005
300.028 150.013 3.1013e-006
349.752 149.808 1.73952e-005
-0.209023 200.232 -0.000108344
49.9845 200.085 -8.89245e-005
99.9452 200.034 -6.95959e-005
149.894 200.005 -5.32251e-005
200.229 199.9 -3.31048e-005
249.927 199.878 -2.102e-005
300.007 199.609 -1.66707e-006
349.855 199.808 1.13621e-005
399.712 199.991 3.0091e-005
-0.270607 250.388 -0.000111405
49.6551 250.42 -8.4931e-005
99.8744 250.135 -7.75605e-005
150.209 250.279 -5.27985e-005
200.369 250.273 -3.17004e-005
250.292 249.847 -2.60156e-005
300.173 250.042 -4.08478e-006
0.00665283 -0.0896912 -3.03425e-006
50.08 0.0093689 -5.84684e-006
100.051 0.168243 4.47966e-006
149.909 0.120453 1.6056e-006
199.948 0.0354309 2.07331e-005
249.831 0.0419006 1.59573e-005
299.893 -0.116791 2.63285e-005
349.579 0.276093 2.8545e-005
399.425 -0.00857544 2.03624e-005
0.0263062 50.1969 -3.42373e-005
50.1672 50.3033 -2.76994e-005
99.9462 49.9919 -1.47559e-005
150.131 50.0208 2.92622e-006
200.116 50.015 -4.48339e-006
250.093 50.0945 9.99309e-006
299.888 49.8302 1.15037e-005
349.98 49.7768 1.87699e-005
399.761 49.8055 2.62111e-005
0.132507 100.191 -5.54044e-005
50.0181 100.126 -3.73852e-005
99.9077 99.9079 -2.76696e-005
150.133 100.021 -2.77255e-005
200.02 99.6828 -7.26245e-006
249.983 99.7372 -1.69929e-005
300.171 99.7504 8.14162e-006
349.845 99.8861 -7.12834e-006
-0.0200806 150.143 -5.45587e-005
49.7889 149.806 -6.02808e-005
99.8644 149.941 -5.05298e-005
150.031 149.842 -3.8432e-005
199.966 150.077 -4.01158e-005
250.097 149.985 -2.51736e-005
300.02 149.855 -2.93255e-005
350.412 149.817 -5.70156e-006
400.966 149.579 -9.62988e-007
-0.0429077 200.241 -8.6965e-005
49.6014 199.921 -7.28201e-005
99.6989 199.8 -6.69546e-005
149.74 199.828 -6.04037e-005
200.057 199.641 -4.19077e-005
250.252 199.804 -3.60515e-005
300.263 199.749 -3.64427e-005
-0.415894 250.133 -0.000106808
49.477 250.178 -8.43145e-005
99.6574 250.117 -8.77287e-005
149.854 250.092 -7.3975e-005
200.112 249.759 -5.79823e-005
349.624 250.103 -7.36415e-005
0.572174 0.203766 -3.12468e-005
50.168 0.02005 -1.60942e-005
100.305 -0.103363 1.6503e-006
150.059 -0.126617 1.44122e-005
200.115 -0.115936 3.43723e-005
249.935 -0.0486755 4.1279e-005
299.931 0.117706 5.84908e-005
350.473 -0.174286 8.36756e-005
-0.106415 50.0449 -3.30284e-005
50.2847 50.0256 -1.51219e-005
100.01 49.774 -2.89548e-006
150.004 49.6223 1.50586e-005
200.175 49.7199 1.93054e-005
250.119 49.6739 4.13461e-005
300.689 49.6925 6.573e-005
350.724 50.0222 7.92965e-005
398.793 50.0858 6.51581e-005
0.227539 100.067 -3.15681e-005
49.9512 99.6571 -2.6484e-005
100.112 100.184 -5.92042e-006
150.018 99.6815 6.9011e-006
200.119 99.5378 2.53487e-005
299.382 99.7011 3.58094e-005
349.841 99.9424 5.32046e-005
399.116 99.8632 6.20829e-005
-0.185242 149.894 -3.89656e-005
49.7484 150.011 -2.53739e-005
99.2983 150.206 -1.17542e-005
149.586 149.614 -3.50084e-006
200.362 149.9 1.43861e-005
250.085 149.932 3.08109e-005
300.152 149.796 3.48585e-005
349.923 149.654 4.40683e-005
399.872 150.16 5.67418e-005
-0.668182 200.19 -5.6698e-005
49.0921 199.923 -5.01638e-005
150.505 200.129 1.15316e-005
200.258 200.076 1.75731e-005
250.284 199.777 1.89375e-005
300.404 200.766 3.84916e-005
349.924 199.736 3.49497e-005
400.067 200.475 5.30416e-005
49.8625 250.423 -3.02661e-005
200.124 250.451 4.9416e-006
250.6 250.78 2.544e-005
300.523 250.822 2.59532e-005
350.427 250.751 3.85446e-005
400.338 250.793 4.26499e-005
0.311584 -0.124954 8.10437e-006
50.0912 -0.227371 1.52439e-005
99.9807 -0.263321 2.70363e-005
149.713 -0.382767 3.57442e-005
199.747 -0.246536 5.01387e-005
249.886 -0.187332 6.37677e-005
349.482 0.12822 6.89216e-005
399.793 0.385422 8.81441e-005
0.289429 49.4857 -6.48014e-006
50.1943 49.7811 1.02371e-005
99.9383 49.5298 1.86637e-005
149.902 49.6479 3.36841e-005
199.836 49.6517 3.98308e-005
250.167 49.4123 5.82132e-005
349.8 49.8501 6.66846e-005
399.797 49.8889 7.02217e-005
0.173035 99.7148 -1.26436e-005
49.9799 99.784 1.41747e-006
99.6542 99.5828 1.31596e-005
150.065 99.4696 2.32719e-005
200.066 99.6565 3.83183e-005
250.285 99.6692 4.8276e-005
350.236 99.6375 5.38845e-005
399.893 99.9436 6.7262e-005
0.067627 149.749 -2.16309e-005
49.79 149.74 -7.28294e-006
99.8771 149.681 -2.42516e-006
149.78 149.687 1.42753e-005
199.908 149.716 2.07368e-005
250 149.771 3.35313e-005
300.109 149.813 4.16711e-005
350.216 149.962 5.05205e-005
400.148 149.982 5.66244e-005
0.142761 200.033 -3.18363e-005
49.7584 199.823 -2.51755e-005
99.7018 199.769 -5.76302e-006
149.887 200.115 3.87803e-006
199.686 199.964 5.50412e-006
250.252 199.838 2.54326e-005
300.632 200.067 3.71337e-005
350.458 200.031 4.44707e-005
400.78 200.579 5.51026e-005
0.0397949 249.795 -4.37181e-005
49.9476 250.2 -3.15569e-005
99.9936 250.386 -1.54246e-005
149.893 250.361 -4.63799e-006
200.123 250.403 -1.5907e-006
250.612 250.43 2.12286e-005
0.86261 0.413193 2.65948e-005
50.585 0.243057 1.99676e-006
100.286 0.292648 3.04356e-006
150.025 0.189102 -1.71103e-005
199.806 0.126297 -2.83644e-005
249.939 0.189804 -4.56944e-005
349.783 0.121841 -8.17701e-005
399.388 0.0417938 -0.000114735
0.461487 49.9534 4.03933e-005
50.189 50.1534 2.61515e-005
99.9758 49.956 -2.15694e-006
149.973 50.0527 7.07805e-007
199.75 49.8943 -2.41995e-005
249.979 49.9783 -2.06642e-005
349.849 49.9799 -7.07246e-005
400.014 50.0947 -8.34987e-005
0.383972 100.163 5.59427e-005
50.1215 99.8889 3.80501e-005
99.8597 99.9554 2.39126e-005
149.682 99.8399 7.36862e-006
199.519 99.7536 3.81842e-006
249.743 99.8136 -1.35563e-005
349.767 99.7116 -6.09607e-005
0.076355 150.016 6.80983e-005
49.8975 150.198 5.58719e-005
99.8181 149.797 3.41907e-005
149.59 149.973 2.05748e-005
199.72 149.883 6.57141e-006
249.607 149.761 -2.34693e-006
349.712 149.798 -3.93651e-005
400.318 149.927 -5.26905e-005
-0.127258 199.878 7.91959e-005
49.701 199.944 5.95376e-005
99.3549 199.918 4.93489e-005
149.765 200.083 4.55528e-005
199.526 200.116 2.55853e-005
249.696 199.961 1.00099e-005
300.024 200.026 -4.69387e-006
349.907 200.14 -1.85408e-005
400.456 200.209 -2.98917e-005
-0.00848389 249.978 9.58778e-005
49.6686 250.108 7.59326e-005
99.6155 250.05 6.45071e-005
149.489 250.287 5.58682e-005
199.574 250.348 4.3571e-005
249.821 250.288 2.66172e-005
350.354 250.477 9.62242e-006
400.83 250.352 -1.62534e-005
50.1857 0.40329 1.9595e-005
99.909 0.248199 4.91738e-006
250.109 0.0125427 -1.06953e-005
299.904 0.142181 -5.03734e-005
350.357 0.0410461 -4.35412e-005
400.389 -0.00302124 -6.17839e-005
50.0923 50.212 3.2261e-005
100.027 50.0291 1.99117e-005
149.868 49.9723 2.03922e-005
249.686 50.1624 -4.02704e-005
300.239 49.6546 -2.2389e-005
350.082 49.9132 -5.82412e-005
400.564 49.9962 -5.03659e-005
0.148838 100.054 5.62631e-005
50.1547 99.9491 4.37424e-005
99.8704 99.9393 4.04045e-005
149.748 99.7913 -4.15742e-006
249.485 100.385 -3.97637e-005
299.768 99.7754 -4.29116e-005
350.26 99.9954 -3.29874e-005
400.6 99.8188 -5.30966e-005
0.168247 149.836 8.28728e-005
49.6121 149.803 3.93316e-005
99.7477 149.819 4.06727e-005
149.712 149.928 2.63527e-005
199.702 149.848 1.99303e-005
249.431 149.855 -3.59416e-005
299.82 150.091 -1.97142e-005
350.074 149.897 -4.16413e-005
400.079 150.069 -5.18598e-005
0.284336 199.864 8.34167e-005
49.8577 199.843 7.44089e-005
99.6665 199.87 4.91217e-005
149.984 199.72 3.92534e-005
199.767 200.084 2.00793e-005
250.093 199.888 4.34443e-005
299.565 199.996 -1.7006e-005
350.512 199.966 -3.46601e-005
400.701 200.32 -3.1285e-005
0.300816 249.592 0.00010049
49.758 249.829 7.96989e-005
99.8622 250.063 7.96318e-005
149.591 250.013 4.53368e-005
199.897 250.084 3.8527e-005
249.743 250.639 -2.14949e-006
300.091 250.458 -1.52588e-005
350.346 250.512 -1.55345e-005
400.89 250.424 -3.44813e-005
-0.0621338 -0.234955 -8.27769e-005
49.6576 0.0323792 -7.36294e-005
100.066 0.13089 -5.69029e-005
149.837 0.350739 -4.67421e-005
199.925 0.510406 -2.86913e-005
249.788 0.687286 -1.73869e-005
-0.113525 49.9729 -8.51909e-005
49.8808 49.9543 -7.56318e-005
99.8125 49.6802 -6.38673e-005
150.066 50.2803 -4.7571e-005
199.788 50.2661 -3.73023e-005
249.864 50.243 -2.21441e-005
299.932 50.695 -7.61449e-006
349.762 50.4832 3.119e-006
399.296 50.6493 1.55112e-005
-0.0228271 99.7785 -9.27523e-005
49.991 99.7272 -8.07457e-005
99.9377 99.8749 -6.81197e-005
149.901 99.922 -5.3321e-005
200.156 100.169 -3.65097e-005
250.038 100.14 -2.64598e-005
299.712 99.9455 -2.02153e-005
349.657 100.387 -1.31223e-006
399.57 100.386 8.44989e-006
-0.30957 149.804 -9.98192e-005
100.127 149.876 -6.96173e-005
150.126 149.89 -5.77113e-005
199.965 149.533 -4.70756e-005
250.092 149.766 -3.21679e-005
300.067 149.976 -1.90763e-005
349.91 150.001 -7.65547e-006
399.568 150.232 3.88362e-007
100.138 199.971 -7.59521e-005
150.092 200.029 -5.95944e-005
200.251 200.16 -4.9727e-005
250.15 199.778 -3.85372e-005
299.992 199.857 -2.74377e-005
349.707 199.778 -1.93883e-005
399.776 199.844 -5.56465e-006
-0.15802 249.82 -0.000105287
50.0551 249.777 -9.45413e-005
100.092 249.901 -8.09822e-005
150.322 250.096 -6.61155e-005
200.282 249.745 -5.21615e-005
250.168 249.615 -4.30671e-005
300.003 249.445 -3.30312e-005
349.872 249.671 -2.17585e-005
399.779 249.68 -9.40356e-006
0.215088 0.0882547 -8.18744e-005
50.2579 0.344969 -6.31846e-005
100.435 0.349485 -3.57889e-005
150.214 0.419187 -2.18526e-005
200.174 0.671385 3.42727e-007
249.916 0.773802 1.32956e-005
299.893 0.719969 3.76385e-005
-0.06604 49.9996 -8.94554e-005
50.3035 50.1311 -6.93575e-005
100.123 50.1999 -4.58397e-005
150.147 50.3114 -2.92119e-005
200.097 50.2519 -3.94508e-006
250.103 50.5151 1.37463e-005
300.073 50.3439 3.83183e-005
349.796 50.397 5.20833e-005
399.599 50.4591 7.38874e-005
0.0512695 99.8232 -9.71667e-005
50.1997 100.102 -7.35763e-005
100.333 100.078 -5.01387e-005
150.263 100.259 -2.73567e-005
200.146 99.9653 -1.1798e-005
250.019 100.05 1.14124e-005
300.095 100.104 2.91765e-005
349.768 100.034 4.58229e-005
399.617 100.036 6.55781e-005
-0.146118 149.779 -0.000106266
50.0037 149.817 -8.08742e-005
99.9022 149.978 -5.98021e-005
150.155 149.808 -3.75304e-005
200.22 150.127 -1.036e-005
250.093 149.828 1.98558e-006
299.997 149.731 2.42796e-005
349.747 149.857 3.85754e-005
-0.0266113 199.938 -0.000106849
50.0989 199.85 -8.3968e-005
100.188 199.999 -6.5282e-005
149.971 199.932 -4.32674e-005
200.29 199.909 -2.06493e-005
249.923 199.842 -4.52437e-006
300.044 199.814 1.52867e-005
399.826 199.761 5.43315e-005
-0.0333252 250.107 -0.000110615
50.2948 250.339 -8.90344e-005
99.9415 249.984 -6.94469e-005
150.372 250.259 -4.42546e-005
200.441 250.292 -1.91759e-005
250.087 249.621 -4.77396e-006
300.145 250.026 1.57058e-005
-0.198669 -0.300964 -6.36838e-006
49.8901 -0.163757 -3.98979e-006
100.059 -0.119995 2.63005e-006
149.999 -0.0427856 2.61143e-006
200.155 -0.0407104 4.37908e-006
250.066 0.0204468 7.69831e-006
300.182 0.195435 2.03662e-005
350.05 0.0747681 8.81031e-006
399.894 -0.154358 7.20099e-006
-0.185669 49.8583 3.84822e-006
50.011 50.069 7.37607e-006
100.162 49.8085 7.9032e-006
150.262 50.1443 1.4618e-005
200.212 49.9632 9.8832e-006
250.12 50.1586 1.54115e-005
299.945 50.2994 1.99378e-005
350.01 50.1066 1.38693e-005
399.864 50.116 1.904e-005
-0.074707 99.9567 -1.48825e-006
49.9387 100.015 7.3649e-006
100.027 99.8328 -1.37836e-006
150.15 99.8007 2.31899e-006
199.964 99.9754 8.45082e-006
250.009 99.9327 8.11741e-006
299.961 100.114 1.79857e-005
349.906 100.013 1.52122e-005
-0.057373 150.325 7.78586e-006
49.8124 150.078 2.52202e-006
100.129 149.898 3.37884e-006
150.22 149.687 -3.29316e-006
200.049 149.834 8.65385e-006
299.982 150.032 1.89468e-005
349.883 150.051 2.3026e-005
399.922 150.032 2.53655e-005
49.9421 200.248 -1.22935e-006
99.9857 199.975 3.48687e-006
150.022 200.005 3.57255e-006
200.078 199.973 1.25095e-005
250.091 199.841 9.6038e-006
349.919 200.093 2.51494e-005
399.956 199.973 2.59131e-005
-0.026001 250.428 -5.7742e-007
50.0057 250.38 3.72529e-009
149.878 249.923 -4.88013e-007
249.884 249.734 8.51229e-006
300.361 250.038 2.12863e-005
349.957 249.984 1.95671e-005
400.095 250.216 3.78415e-005
0.13031 -0.0585327 -6.30412e-006
49.9507 -0.250732 6.25569e-006
99.9876 -0.0344238 2.0599e-005
149.875 -0.120972 3.07783e-005
199.668 0.392822 4.54523e-005
249.842 0.133179 5.94109e-005
299.713 0.397827 7.32411e-005
-0.0380249 50.0789 -1.48891e-005
49.973 49.7355 -3.71598e-006
99.9894 49.9093 1.1621e-005
150.146 49.8156 2.30633e-005
199.825 49.8513 3.5245e-005
249.891 50.1295 4.99915e-005
299.695 50.2805 6.45397e-005
-0.0869141 99.7734 -2.66964e-005
49.8704 99.6 -1.36131e-005
100.016 99.8324 1.05053e-006
150.149 100.016 1.55922e-005
200.06 100.286 3.06601e-005
249.951 100.048 4.10546e-005
299.965 100.205 5.6738e-005
349.629 100.121 6.8076e-005
-0.137817 150.225 -3.56594e-005
49.9438 150.09 -2.09715e-005
99.8547 149.603 -1.02939e-005
150.254 149.997 9.5116e-006
200.168 149.625 2.0558e-005
250.025 150.028 3.53474e-005
299.931 149.92 4.59431e-005
349.917 150.047 6.35553e-005
399.778 149.971 7.52844e-005
-0.0718384 200.394 -4.85722e-005
49.6345 199.923 -3.5977e-005
100.042 200.22 -1.93175e-005
150.059 199.83 -6.49411e-006
200.228 199.964 1.19321e-005
250.134 199.959 2.35699e-005
300.171 199.927 3.83109e-005
349.912 199.926 5.15748e-005
-0.0412598 250.522 -5.78128e-005
49.8932 250.326 -4.52138e-005
99.9788 250.154 -2.78838e-005
150.143 249.911 -1.4646e-005
200.207 250.114 1.99582e-006
250.461 250.18 1.7914e-005
300.553 250.057 3.12151e-005
350.085 249.717 4.16376e-005
399.867 249.623 5.47506e-005
50.0136 -0.276695 -2.79658e-005
100.26 -0.214317 -2.63993e-005
150.169 0.051796 -3.03797e-005
200.011 0.0387344 -3.89125e-005
249.989 0.384926 -4.00171e-005
300.035 0.302773 -3.92869e-005
0.0792236 49.6011 -1.38301e-005
50.2561 49.7504 -1.57487e-005
99.8385 49.7141 -3.04766e-005
150.289 50.0653 -2.1264e-005
199.966 50.1245 -3.38145e-005
250.1 50.3444 -3.13148e-005
299.876 50.2502 -3.4757e-005
-0.0065918 99.6944 -7.87154e-006
50.1193 99.7195 -8.1677e-006
100.167 99.9113 -1.19712e-005
150.021 100.067 -2.07517e-005
200.251 100.156 -1.66874e-005
250.01 100.139 -2.4559e-005
300.085 100.142 -2.22661e-005
349.731 100.049 -3.3617e-005
399.626 100.05 -3.78601e-005
-0.137939 149.991 -2.53692e-006
49.9348 149.787 -1.07605e-005
100.136 150.172 -5.64195e-006
150 149.89 -1.33738e-005
199.97 149.825 -1.30124e-005
249.978 150.004 -1.60597e-005
299.937 149.851 -2.01799e-005
350.056 149.898 -1.57226e-005
399.977 149.822 -2.43038e-005
-0.0979004 200.133 5.4203e-007
49.7554 199.955 -8.48621e-006
100.03 200.15 -2.35066e-006
150.048 199.954 -3.60794e-006
200.038 200.083 -3.74392e-006
249.864 199.856 -9.30578e-006
300.022 199.854 -1.06357e-005
350.068 199.899 -8.97236e-006
-0.238831 250.106 7.52136e-006
49.925 250.265 9.12324e-006
99.8179 250.134 1.95205e-006
150.077 250.301 5.38677e-006
200.027 250.013 -2.05263e-006
249.917 249.915 -1.46404e-006
299.98 249.847 -6.77817e-006
350.045 249.887 -9.9726e-006
400.101 249.918 -8.9854e-006
-0.129395 -0.100708 8.0131e-006
49.969 0.0258179 1.35824e-005
100.068 0.109863 1.95317e-005
150.148 0.0412598 2.18339e-005
200.037 0.123657 2.97576e-005
249.861 0.237305 3.08938e-005
300.022 0.315002 3.91789e-005
349.901 0.251404 4.68828e-005
399.604 0.165344 4.6365e-005
-0.283936 49.8947 -6.92531e-006
50.1636 50.0172 8.74698e-006
100.12 49.9166 1.5974e-005
150.061 50.0311 1.62274e-005
200.159 50.012 2.44305e-005
250.099 49.9297 2.99141e-005
299.849 49.9639 2.92659e-005
350.292 49.8843 4.84996e-005
-0.0211792 99.8247 -1.84029e-006
50.0952 99.9111 -1.37836e-006
100.081 99.9703 6.08712e-006
149.883 100.031 -4.39584e-007
200.181 99.8567 2.23443e-005
249.94 99.8915 1.10082e-005
300.193 99.7776 2.76938e-005
349.932 99.6103 1.94795e-005
0.0375366 149.913 -1.09226e-005
49.8134 149.964 -1.24313e-005
100.141 149.965 7.07805e-008
150.063 149.96 2.73064e-006
199.781 149.756 -3.41609e-006
250.047 149.772 1.16862e-005
299.638 149.881 -6.53788e-006
350.125 149.526 1.09226e-005
-0.0806274 200.075 -1.58921e-005
50.0728 200.007 -1.36308e-005
100.068 200.099 -9.52929e-006
149.962 200.021 -1.12876e-005
199.709 199.914 -1.35563e-005
249.57 200.006 -2.01277e-005
299.731 199.832 -1.47186e-005
400.173 199.815 1.95578e-006
0.278564 250.146 -1.89357e-005
50.2336 250.259 -1.58511e-005
100.151 250.318 -1.77026e-005
150.182 250.237 -2.02917e-005
200.068 250.225 -1.68756e-005
249.905 250.243 -2.49706e-005
299.866 250.236 -2.3663e-005
50.0549 -0.452881 -1.20867e-005
99.8959 -0.281982 -6.96629e-006
149.858 -0.15625 6.46338e-007
249.858 0.0301514 1.30385e-007
299.875 0.244629 1.05854e-005
350.231 0.23291 2.4084e-006
400.112 0.00195313 -2.48663e-006
0.175537 49.9513 -1.85706e-006
49.9881 49.9883 6.16536e-007
99.9532 49.9537 3.03425e-006
149.777 49.6821 -2.29292e-006
249.859 50.0494 8.68924e-006
299.997 50.1064 3.70666e-006
350.164 50.1089 7.93487e-006
400.084 50.3359 3.08082e-006
0.301697 100.015 1.72667e-006
50.0321 99.9221 3.75882e-006
99.5552 99.8982 8.56817e-006
149.911 99.8181 6.79493e-006
199.641 99.5505 6.58818e-006
250.046 99.8459 5.93252e-006
299.838 99.9043 1.17365e-005
349.949 100.049 -1.09337e-006
399.958 99.9915 2.12155e-006
0.40625 149.908 2.15881e-006
49.9998 149.855 1.74902e-006
99.9091 150.115 7.74488e-006
149.831 150.08 6.67013e-006
199.824 149.282 -1.11852e-005
249.622 149.331 6.73346e-006
300.015 149.936 -2.00421e-006
350.057 149.947 1.34651e-005
400.427 150.247 8.81217e-006
0.422363 200.152 1.14609e-005
50.0629 200.34 1.91666e-005
99.7795 200.266 1.73878e-005
149.91 200.376 2.18805e-005
249.798 199.448 -3.9544e-006
299.753 199.266 1.90921e-006
350.048 199.769 -4.04753e-006
400.048 199.964 3.76254e-006
0.405334 250.61 3.1298e-005
49.9498 250.652 2.83811e-005
99.8804 250.375 2.02842e-005
149.794 250.937 3.42187e-005
300.256 249.941 7.7989e-006
350.168 249.944 7.82311e-006
399.947 249.974 -2.94484e-006
49.9584 -0.481201 -4.76418e-005
150.191 -0.0723877 -4.97494e-005
200.005 0.346313 -5.6128e-005
250.001 0.262329 -5.87301e-005
300.114 0.289856 -6.37202e-005
349.785 0.204895 -6.86655e-005
399.765 0.285278 -7.32997e-005
-0.0351563 49.3305 -3.47346e-005
50.2742 49.939 -3.23271e-005
99.9217 49.3999 -3.72538e-005
150.239 49.9261 -3.76776e-005
200.07 49.7388 -4.24208e-005
250.13 50.0563 -4.35719e-005
300.046 49.761 -4.94933e-005
350.011 49.8367 -5.33303e-005
400.185 49.6378 -5.57266e-005
0.0675659 100.056 -2.09315e-005
50.0858 99.2952 -2.50088e-005
100.154 100.369 -2.09352e-005
149.906 100.154 -2.49641e-005
200.188 100.17 -2.64477e-005
250.075 100.275 -2.78726e-005
300.103 100.016 -3.32622e-005
350.15 99.3586 -3.96529e-005
399.824 100.094 -4.45237e-005
0.0266113 150.364 -6.23334e-006
49.9588 149.964 -1.36541e-005
100.065 150.241 -9.18098e-006
150.03 149.524 -1.67815e-005
200.055 150.091 -1.24145e-005
249.9 150.042 -1.95755e-005
300.027 149.884 -1.82204e-005
349.758 149.827 -2.89092e-005
400.13 150.083 -2.5983e-005
49.903 200.272 -1.48453e-006
100.064 200.337 1.91107e-006
150.034 200.526 1.78907e-006
200.034 200.202 6.23055e-007
249.869 200.166 -2.08151e-006
300.015 200.294 -4.23472e-006
350.222 199.645 -9.80683e-006
400.21 199.697 -1.34176e-005
99.7676 249.626 6.9635e-006
199.976 250.12 1.06674e-005
249.971 250.114 1.01533e-005
299.943 249.718 6.77351e-006
350.002 250.351 5.71553e-006
400.342 249.575 8.5216e-007
49.9932 0.425461 -1.93175e-005
100.179 0.28569 -1.29584e-005
199.999 0.177048 -2.997e-006
249.884 -0.022049 9.60007e-006
300.143 0.0238495 1.92355e-005
350.01 -0.210526 2.20332e-005
399.838 0.0117645 2.49613e-005
50.3298 50.0085 -1.46367e-005
100.221 50.1484 -8.37818e-006
149.909 50.1424 -1.48918e-005
199.957 49.8802 -2.81818e-006
249.985 50.1266 6.8564e-006
299.899 50.0611 1.7548e-005
350.244 49.7372 2.08374e-005
400.083 50.1658 3.24659e-005
0.305298 100.049 -1.93603e-005
50.1847 100.111 -1.21836e-005
99.8982 99.9546 -1.59536e-005
149.938 100.368 7.99075e-007
200.16 100.007 3.72157e-006
249.97 100.034 9.36538e-006
299.943 99.9045 3.68617e-006
350.017 100.208 1.90344e-005
399.879 99.9748 1.19302e-005
-0.0496826 150.003 -2.70661e-005
49.882 149.881 -2.55685e-005
100.196 150.12 -4.39025e-006
150.069 149.89 -7.05384e-006
199.841 149.876 2.48663e-006
249.839 149.851 -2.67476e-006
299.802 149.772 8.62405e-006
350.089 149.931 6.39074e-006
399.968 150.01 1.02837e-005
0.0214844 199.868 -2.77143e-005
100.045 200.096 -1.67694e-005
150.011 200.326 -6.35162e-007
199.738 199.827 -1.05612e-005
249.444 200.152 -4.26732e-006
299.786 199.85 -5.85802e-006
350.032 200.358 1.15763e-005
399.929 199.908 1.03749e-006
0.255859 249.828 -2.23871e-005
50.3518 250.195 -1.6747e-005
99.7698 249.836 -2.19177e-005
149.875 249.892 -1.58586e-005
199.988 250.223 -2.15136e-006
249.889 250.055 -1.96882e-006
299.736 250.111 -2.91876e-006
50.6511 -0.177864 -3.2533e-005
99.9795 0.166374 -2.74926e-006
149.944 -0.014473 -1.1906e-005
200.196 0.400322 -1.0021e-005
299.49 -0.187233 1.49496e-005
349.898 0.101097 -3.61353e-007
399.928 -0.0766678 -4.61191e-006
0.105347 49.867 -9.90927e-006
49.8889 50.0727 -2.06977e-005
100.172 49.7425 -1.58511e-005
149.946 50.3688 2.32868e-005
200.274 49.8702 -1.08778e-005
250.2 50.0749 -6.80238e-006
300.003 49.9211 1.08331e-005
400.532 49.9503 -1.37351e-005
0.2854 99.7249 -3.96259e-005
49.9939 99.8766 -4.21703e-006
99.3029 100.695 2.54139e-005
149.948 99.6947 3.20375e-006
200.027 99.7644 1.45286e-006
250.154 99.9219 5.64381e-006
299.927 100.142 2.14577e-005
-0.21106 149.958 -1.55345e-005
49.917 150.029 -1.57803e-005
99.874 149.92 -4.58211e-007
149.645 150.533 9.44361e-006
200.115 149.908 5.49108e-006
249.825 150.038 1.58064e-005
299.965 150.088 2.15024e-005
349.821 149.873 1.83433e-005
399.635 149.886 4.4547e-005
-0.287354 200.136 -8.0429e-006
49.5771 200.275 -1.27442e-005
149.901 199.989 1.03861e-005
199.866 200.206 1.76653e-005
250.245 200.023 5.96792e-006
299.895 200.028 2.18675e-005
349.95 199.997 2.64868e-005
400.048 200.149 2.31788e-005
0.135498 249.846 -2.01836e-005
50.3475 249.53 -3.29837e-005
100.074 250.169 -6.7018e-006
149.866 250.029 1.49757e-006
199.901 250 1.47447e-005
250.127 249.949 1.89766e-005
300.271 249.807 4.90993e-006
350.021 250.038 2.94857e-005
400.304 249.926 2.10553e-005
50.7302 0.243774 -8.84011e-006
100.328 0.0599365 -1.98763e-005
150.206 0.202637 -2.0327e-005
200.185 0.045105 -3.40231e-005
249.979 0.0128174 -3.54499e-005
299.937 -0.0525513 -4.84288e-005
349.723 0.25415 -3.56771e-005
399.722 0.202332 -4.80097e-005
0.24231 50.2318 2.00961e-005
50.2705 50.2239 1.23922e-005
100.202 50.0714 -4.31947e-006
150.17 49.8547 -1.50017e-005
200.178 49.7411 -3.43639e-005
250.15 49.8922 -2.93255e-005
299.733 49.8091 -3.46303e-005
349.894 49.9969 -3.81656e-005
399.619 50.5888 -2.61627e-005
0.36377 100.166 2.55574e-005
50.2357 100.018 1.82949e-005
100.248 99.8596 -3.27826e-007
150.227 99.7194 -9.92231e-006
200.124 99.5744 -2.09603e-005
249.995 99.7257 -2.65427e-005
300.068 99.8138 -2.99495e-005
349.703 100.06 -3.13409e-005
399.741 100.406 -2.50638e-005
0.119629 149.876 3.52319e-005
50.4916 149.911 2.25622e-005
99.885 149.874 1.57543e-005
150.203 149.59 -6.04242e-006
200.179 149.702 -1.3914e-005
250.337 149.329 -3.37828e-005
299.955 149.909 -2.27261e-005
350.302 149.806 -3.56771e-005
399.893 150.382 -2.91914e-005
-0.586182 200.147 6.49188e-005
49.5002 200.072 4.75422e-005
99.9211 199.765 2.52537e-005
149.302 199.915 2.18544e-005
200.297 199.446 -1.09859e-005
349.994 200.117 -1.63205e-005
399.911 200.154 -2.2782e-005
99.2922 250.142 5.4216e-005
148.924 250.354 5.06025e-005
249.527 250.148 1.70022e-005
300.194 249.406 -1.52122e-005
350.018 249.997 -1.16378e-005
399.9 250.234 -5.97909e-006
49.7229 -0.170593 -6.00377e-006
100.727 -0.330261 -2.80654e-006
150.14 0.00408936 1.27531e-005
200.177 -0.430542 2.01943e-005
249.849 0.170898 3.57931e-005
299.693 0.0410156 4.83622e-005
400.509 -0.0581665 6.51306e-005
-0.54541 50.1973 -1.38846e-005
50.5375 49.5747 -1.23777e-005
100.097 49.795 1.39279e-006
150.215 49.7125 1.06166e-005
199.997 49.7513 2.08351e-005
300.134 50.0615 4.41908e-005
350.483 50.0507 5.35152e-005
399.992 50.2149 6.47618e-005
-0.866089 99.8271 -1.4395e-005
49.1271 100.056 -5.56232e-006
99.8646 99.9203 9.19681e-007
200.643 99.9127 1.62343e-005
249.984 99.7379 3.13376e-005
300.494 100.22 4.10131e-005
350.173 100.196 5.14141e-005
399.785 100.405 6.40717e-005
-1.0072 150.37 -1.42478e-005
48.7748 150.596 -5.56232e-006
149.948 150.211 1.076e-005
200.28 149.875 1.80206e-005
249.987 149.719 2.90195e-005
300.408 150.283 3.92408e-005
349.772 149.961 5.0887e-005
399.793 150.47 6.14082e-005
50.556 199.401 -1.41957e-005
100.007 199.652 -2.5765e-006
150.051 200.016 8.65804e-006
200.415 200.299 1.7025e-005
250.109 200.174 2.79299e-005
300.54 200.284 3.76725e-005
349.925 200.429 4.81182e-005
399.864 200.445 5.8332e-005
0.55188 249.598 -2.33357e-005
50.0754 249.691 -1.34171e-005
99.9485 250.11 -1.22702e-006
150.072 250.496 9.38727e-006
200.013 250.675 1.86427e-005
250.458 249.86 2.67508e-005
300.473 250.278 3.48059e-005
350.283 250.249 4.45195e-005
399.906 250.46 5.59078e-005
100.266 0.394287 -1.58064e-005
150.384 0.249023 -1.89655e-005
199.695 -0.144714 1.32211e-005
250.05 -0.0136719 7.3947e-006
299.93 -0.0704956 -9.574e-006
349.824 0.198303 -1.77808e-005
399.694 0.14502 -3.8743e-006
100.264 50.0598 -1.29491e-005
150.061 50.0165 -2.14353e-005
199.723 49.5729 3.15271e-005
250.086 50.0471 -2.49259e-005
299.939 50.0314 -2.04705e-005
350.06 49.7838 -1.15782e-005
399.718 50.0024 -1.20141e-005
50.3908 99.9729 -1.4063e-005
99.8434 100.07 -1.093e-005
149.792 99.8274 7.19354e-006
199.917 100.023 -1.7561e-005
250.03 100.048 -1.95876e-005
299.913 100.037 -2.84351e-005
350.23 99.8038 -2.50898e-005
399.904 99.7438 -9.51067e-006
0.464722 150.038 7.63685e-007
50.1749 150.111 -1.73859e-005
100.102 149.991 -1.85966e-005
149.718 150.066 -2.09138e-005
199.823 149.989 -1.44765e-005
249.945 149.955 -1.2517e-005
300.108 149.912 -5.57303e-006
350.141 150.003 -6.7018e-006
399.939 149.849 -1.02371e-005
0.257996 199.895 4.16115e-006
50.0083 200.016 -5.67362e-006
99.6864 200.019 8.17701e-006
149.731 200.003 2.25008e-006
199.777 200.076 -2.5183e-006
300.132 200.094 -5.92321e-006
350.204 199.962 -1.17086e-005
400.038 199.85 -2.20984e-005
0.0675049 249.895 1.3493e-005
50.0378 250.113 -1.08033e-007
99.969 250.072 -2.88337e-006
149.671 250.095 1.093e-005
199.716 249.861 3.17208e-005
249.812 250.056 2.30186e-005
300.062 250.107 1.20699e-006
350.14 249.942 -1.84476e-005
400.025 249.818 -1.11572e-005
99.8226 0.169777 4.20958e-005
149.995 0.274918 2.62e-005
199.765 -0.0137405 4.62681e-006
250.064 -0.114792 1.56537e-005
299.892 -0.0475082 6.74278e-007
350.085 0.0741806 -6.59376e-007
399.786 0.176025 -1.1351e-005
99.9345 50.1379 1.85519e-005
149.904 49.8029 2.14912e-005
200.015 49.8653 1.02557e-005
250.041 49.8692 8.38935e-006
300.197 49.8872 5.66244e-006
350.156 49.9761 -8.10623e-006
400.039 50.0141 -6.39632e-006
0.253235 99.9717 3.20934e-005
49.8239 99.9076 3.07783e-005
99.3452 100.088 6.02081e-005
150.006 99.9907 9.37283e-006
200.082 99.7814 1.08853e-005
250.333 99.6092 -7.52509e-006
300.093 99.9296 -5.88596e-007
350.206 99.7364 -1.07549e-005
400.071 99.939 -1.45063e-005
0.0324707 149.888 1.63019e-005
49.8968 149.792 2.49855e-005
100.022 149.946 5.70342e-006
149.891 150.004 5.10365e-006
200.056 150.01 -8.21054e-006
250.201 150.107 7.96095e-006
300.429 149.754 -2.22288e-005
350.238 149.988 -1.04979e-005
400.238 149.847 -2.84128e-005
-0.216858 199.879 2.8763e-005
50.0445 199.989 1.16266e-005
99.7738 199.858 -3.7998e-007
150.06 199.833 -4.67896e-006
200.257 200.05 -1.95727e-005
300.147 200.143 1.41934e-006
350.501 199.967 -2.93404e-005
400.349 199.952 -2.67103e-005
0.22821 249.779 1.76169e-005
49.9254 250.065 1.59219e-005
100.012 249.854 -1.76057e-005
150.315 250.184 -2.07871e-005
200.279 249.991 -1.01179e-005
250.255 250.022 -8.58679e-006
300.355 250.171 -1.3411e-005
350.305 249.972 -3.78117e-005
150.269 0.55558 -5.64493e-005
200.266 0.475502 -5.73918e-005
250.097 0.23938 -5.19343e-005
300.031 0.354149 -5.27799e-005
349.864 0.215065 -5.34216e-005
399.688 0.0824203 -4.98788e-005
50.2211 50.7654 -5.43687e-005
100.056 50.4379 -5.55813e-005
150.279 50.3871 -5.60889e-005
199.956 50.1927 -5.47916e-005
249.968 50.11 -5.5721e-005
299.967 50.0197 -5.79199e-005
349.803 49.9909 -5.51445e-005
399.524 50.0833 -4.5523e-005
0.0922852 100.344 -5.83716e-005
50.0637 100.026 -6.16545e-005
100.001 100.165 -5.72065e-005
149.913 99.8246 -6.04596e-005
200.129 100.07 -6.32554e-005
249.984 99.8029 -6.34575e-005
299.756 100.105 -5.66607e-005
349.668 99.8161 -5.62705e-005
399.682 99.8897 -5.27259e-005
-0.438354 150.272 -6.18789e-005
49.9664 149.939 -6.79279e-005
100.091 149.946 -6.93155e-005
150.059 149.698 -6.97002e-005
199.96 149.913 -6.45891e-005
249.996 149.617 -6.62608e-005
299.979 149.782 -6.44894e-005
349.896 149.512 -6.26054e-005
399.603 149.862 -6.14049e-005
-0.440552 200.089 -6.49877e-005
49.3988 199.817 -6.88815e-005
99.9657 199.879 -6.96685e-005
149.916 199.778 -6.82464e-005
200.084 199.467 -7.02189e-005
250.147 199.524 -7.08047e-005
299.97 199.748 -6.74641e-005
349.708 200.068 -6.303e-005
399.786 199.857 -6.68122e-005
-0.39856 250.145 -7.46259e-005
49.8602 249.972 -7.98358e-005
99.8666 250.001 -7.90488e-005
250.136 249.827 -7.53347e-005
299.965 249.666 -7.53328e-005
350.089 250.016 -6.69565e-005
399.963 249.753 -7.56299e-005
50.3823 0.321838 -8.47252e-005
100.519 0.0996704 -7.95461e-005
150.15 -0.0187988 -6.44308e-005
200.136 0.230652 -5.27697e-005
249.843 -0.0610352 -3.85121e-005
299.749 -0.348633 -2.55127e-005
399.473 -0.144348 -3.93949e-007
-0.0286865 50.2632 -9.65949e-005
50.3008 50.2774 -8.46768e-005
100 49.991 -7.25184e-005
150.057 50.1255 -6.35944e-005
199.98 50.0098 -5.14435e-005
249.989 50.0444 -3.83304e-005
299.877 49.7672 -2.61199e-005
399.537 49.7903 1.29081e-006
0.092041 100.343 -9.82173e-005
50.1426 100.132 -8.97311e-005
100.289 100.114 -7.60294e-005
150.095 99.8887 -6.30217e-005
199.986 99.5848 -5.31059e-005
249.893 99.6588 -3.71356e-005
299.991 99.69 -2.68314e-005
349.83 99.9338 -8.75257e-006
-0.328369 150.141 -9.90499e-005
49.86 149.794 -9.10433e-005
99.786 150.086 -7.50385e-005
150.125 149.916 -6.50454e-005
200.106 149.772 -5.05857e-005
250.08 149.597 -3.98578e-005
300.083 150.137 -2.15545e-005
349.919 150.039 -8.73767e-006
399.726 150.368 3.74299e-006
0.128296 200.44 -0.000106201
50.0347 199.734 -9.46857e-005
149.867 199.517 -6.84001e-005
200.227 199.532 -5.67781e-005
250.037 199.629 -4.09195e-005
300.02 200.198 -2.52165e-005
350.139 200.158 -1.17915e-005
400.029 200.445 1.30571e-006
49.8499 249.95 -9.44305e-005
99.9805 249.87 -8.4402e-005
150.307 249.913 -7.15163e-005
200.437 250.007 -5.54984e-005
250.484 249.865 -4.44222e-005
300.344 250.337 -2.61758e-005
350.251 250.19 -1.61119e-005
399.844 250.734 2.87965e-006
-0.0953369 0.196259 4.589e-005
49.9774 0.263275 2.70754e-005
99.9595 0.30896 1.20886e-005
149.732 0.181946 1.90325e-005
200.094 0.566193 -1.04569e-005
249.93 0.0898743 -7.9833e-006
300.119 0.153381 -7.25314e-006
349.925 0.378876 -1.59796e-005
399.831 0.292328 -3.46974e-005
49.1893 49.9572 5.34374e-005
99.3073 49.8245 4.20269e-005
150.14 50.2118 3.5055e-006
200.138 50.2718 4.54485e-007
250.143 50.3307 -1.01067e-005
299.942 50.0596 -8.48435e-006
350.061 50.1062 -1.25375e-005
399.853 50.0513 -1.23791e-005
99.4883 99.8851 3.80557e-005
150.257 100.113 -1.65217e-006
200.11 100.028 2.2538e-007
249.956 100.047 -5.77234e-006
300.051 100.062 -7.88085e-006
349.878 99.6733 -3.46452e-007
399.923 99.9036 -2.43448e-006
0.210938 149.953 3.97153e-005
51.052 150.036 6.73905e-006
199.852 149.925 6.08526e-006
250.072 149.784 -3.6899e-006
299.771 149.919 6.24917e-006
350.011 149.742 1.37277e-006
399.881 149.973 2.71387e-006
1.04919 199.863 3.02941e-005
50.6578 199.959 2.46409e-005
100.068 199.895 2.92882e-005
150.488 200.004 4.1835e-006
250.015 199.878 4.76278e-006
300.115 199.847 3.11621e-006
350.06 199.867 1.12299e-005
400.014 199.797 5.01238e-006
1.06848 249.716 3.55374e-005
50.8719 249.794 3.56697e-005
99.9899 249.879 3.93763e-005
149.848 249.862 3.47812e-005
199.42 249.97 3.17264e-005
248.602 249.739 6.10892e-005
300.758 250.137 -1.64676e-005
349.974 249.858 2.50973e-005
400.073 249.911 2.05394e-005
0.689209 0.170288 -1.97161e-005
48.395 -0.421051 1.15745e-005
149.567 -0.235565 2.35084e-005
199.964 -0.432129 3.13334e-005
249.756 -0.39151 4.61917e-005
299.985 -0.326233 5.64875e-005
349.918 -0.276245 6.47977e-005
399.842 -0.246063 7.87461e-005
99.2994 49.6984 1.16276e-005
149.933 49.8169 1.74623e-005
199.79 49.6688 3.14508e-005
249.991 49.7114 4.07919e-005
299.926 49.8515 5.43017e-005
349.885 49.8216 6.36736e-005
399.867 49.9315 7.35e-005
-1.19189 99.8874 -1.1229e-005
49.7631 99.8795 -1.00741e-005
99.7202 99.9899 4.33624e-006
150.787 100.11 3.10037e-006
200.173 100.093 2.03513e-005
250.168 99.7839 3.77018e-005
300.124 99.8989 5.05932e-005
350.164 99.8432 5.92303e-005
400.041 99.852 7.17547e-005
-0.866821 150.14 -1.59442e-005
49.4376 149.964 -1.32341e-005
99.4417 150.225 1.07847e-006
149.061 150.161 1.79261e-005
199.801 150.158 2.55806e-005
250.093 150.047 3.48305e-005
300.329 150.208 4.50984e-005
350.249 150.114 5.43986e-005
400.268 150.138 6.45295e-005
-0.129883 200.169 -2.42786e-005
49.5796 200.237 -1.18706e-005
99.4669 200.34 -1.44541e-006
150.045 200.347 6.85547e-006
200.509 200.439 1.21593e-005
299.088 200.33 5.55599e-005
350.39 200.241 4.80087e-005
400.229 200.234 6.19199e-005
-0.231445 250.123 -2.32998e-005
49.3987 250.655 -9.57027e-006
100.094 250.452 -9.69041e-006
150.104 250.636 7.9833e-006
200.025 250.661 1.72602e-005
349.899 250.213 5.27287e-005
400.081 250.467 6.14254e-005
0.102905 -0.375275 -1.12699e-005
49.9778 -0.363159 -2.07406e-006
99.855 -0.459442 1.28914e-005
149.711 -0.407684 2.31657e-005
199.745 -0.239624 3.90206e-005
249.78 -0.201782 5.10132e-005
299.796 -0.370026 6.02081e-005
349.672 0.0184326 7.4612e-005
399.46 -0.0646362 8.89171e-005
0.175903 49.4892 -2.17929e-005
50.2152 49.4738 -9.79193e-006
100.081 49.5724 4.16301e-006
150.174 49.4429 1.44038e-005
199.84 49.586 3.37437e-005
250.108 49.7584 4.23603e-005
299.95 49.8032 5.97574e-005
349.726 50.1692 7.37812e-005
399.76 50.3019 8.58624e-005
-0.170288 99.4292 -2.65017e-005
49.946 99.3437 -1.58921e-005
100.325 99.7597 -4.47221e-006
150.38 99.5019 1.02175e-005
200.365 99.5894 2.20491e-005
250.293 99.4886 3.72101e-005
300.33 99.8302 4.98872e-005
350.224 99.9054 6.5445e-005
399.871 100.389 7.96504e-005
50.0123 149.361 -2.2728e-005
99.847 149.643 -8.42568e-006
150.528 149.717 2.38232e-006
200.283 149.646 1.8985e-005
250.251 150.341 3.52608e-005
300.387 149.915 4.48981e-005
350.31 150.421 6.09979e-005
400.382 150.319 7.11754e-005
49.7162 200.013 -2.97427e-005
150.2 199.831 -1.56276e-006
200.202 200.544 1.37649e-005
250.458 200.052 2.45711e-005
300.125 200.692 4.60511e-005
350.09 200.708 5.76871e-005
400.121 200.942 7.23731e-005
-0.423462 250.207 -4.85657e-005
50.6611 249.521 -4.27347e-005
100.034 250.496 -2.15238e-005
150.444 250.193 -9.16515e-006
200.693 250.533 7.41519e-006
251.066 250.11 1.54888e-005
0.052002 0.0308228 6.86944e-006
50.0668 0.123596 1.04308e-005
99.8322 -0.0466309 1.03451e-005
150.095 -0.142761 2.44379e-005
200.11 -0.131836 1.48341e-005
250.418 -0.107056 2.61664e-005
349.896 0.26593 4.56721e-006
400.128 0.152527 2.7243e-005
-0.0920105 50.0272 1.7684e-005
49.7841 49.9385 1.33067e-005
99.9885 49.8691 2.21729e-005
150.04 49.5305 2.44193e-005
200.586 49.7532 4.18797e-005
299.304 49.998 -3.2112e-005
350.423 50.1721 2.31303e-005
400.006 50.1976 1.08965e-005
-0.0968018 99.8715 1.47149e-005
49.9478 99.9604 1.09226e-005
99.7806 100.01 7.35372e-006
149.961 99.9632 5.00083e-005
249.878 100.028 -3.5204e-006
299.825 100.117 -1.31838e-005
349.678 100.06 -1.05277e-005
400.286 100.006 -8.75443e-007
-0.301483 149.976 5.26011e-006
49.5406 150.095 -9.35793e-006
99.5826 150.009 -2.04593e-005
150.646 150.08 6.06962e-005
200.137 149.823 7.95722e-006
249.899 149.974 -3.30806e-006
300.205 150.053 -4.06802e-006
350.029 149.985 -1.31726e-005
399.873 149.97 -4.54858e-006
0.00311279 200.056 -6.44475e-007
150.066 200.164 -1.63913e-007
200.005 200.015 -1.14739e-006
250.148 199.922 7.0408e-007
300.066 199.928 -2.03736e-005
350.234 200.182 -2.13273e-005
399.816 199.768 -3.23057e-005
0.140839 249.963 -4.67151e-006
100.615 249.918 5.20498e-005
149.958 249.958 -6.92904e-007
199.946 250.216 -1.16862e-005
250.094 250.177 -6.86198e-006
300.108 250.055 -1.32918e-005
350.086 250.24 -2.71015e-005
400.09 250.029 -2.601e-005
0.138397 0.402527 4.12911e-005
49.8877 0.243042 4.47184e-005
99.9242 0.206543 3.44366e-005
199.952 0.193237 2.41697e-005
250.137 0.158081 1.97589e-005
299.77 0.311279 2.34693e-006
349.454 0.573303 -1.02222e-005
399.789 0.599487 -3.60981e-006
0.0595398 50.0286 5.09173e-005
49.9381 49.8111 5.50412e-005
100.03 49.8027 3.46117e-005
200.296 49.6765 1.79484e-005
250.615 49.9415 2.74926e-005
300.325 49.9539 4.73112e-007
349.994 50.2929 -1.6436e-005
399.778 50.3077 -1.79596e-005
0.00515747 99.9147 4.19542e-005
49.8917 99.6721 5.14761e-005
100.016 99.7917 4.93973e-005
200.088 99.8162 8.3074e-006
250.049 100.077 -8.75443e-006
300.245 99.8875 -4.85033e-006
349.997 99.9832 -2.224e-005
399.868 100.09 -2.81557e-005
-0.246124 149.916 2.37003e-005
49.8763 149.766 2.60957e-005
99.8473 149.854 1.83396e-005
199.871 150.074 -7.70018e-006
250.545 149.967 2.74926e-006
300.175 149.964 -2.83755e-005
350.204 149.813 -3.2533e-005
399.775 149.987 -4.68269e-005
-0.397491 199.659 2.0314e-005
49.705 199.872 2.14204e-006
99.7142 199.942 1.10008e-005
200.448 199.933 4.38839e-006
250.511 200.031 -2.04332e-005
300.522 199.919 -2.48142e-005
350.283 199.838 -5.18374e-005
400.1 199.919 -5.18598e-005
-0.30545 249.806 6.53043e-006
49.8645 250.024 1.18613e-005
99.6414 250.069 -2.82414e-005
200.425 250.001 -1.02706e-005
250.267 249.965 -2.87518e-005
300.256 249.792 -4.3761e-005
350.018 249.931 -4.88758e-005
400.212 249.645 -5.44786e-005
100.469 0.712646 -4.89168e-005
150.066 0.110291 -2.71592e-005
200.025 0.608398 -4.2364e-005
249.95 0.330688 -3.41088e-005
299.637 0.76825 -4.3951e-005
349.453 0.819275 -4.15109e-005
399.282 0.743958 -3.63011e-005
0.5867 50.5453 -6.04801e-005
150.155 50.0153 -4.08217e-005
199.975 49.8365 -3.54629e-005
249.875 50.0928 -4.74025e-005
299.76 50.2525 -5.47692e-005
349.574 50.398 -4.82146e-005
399.154 50.4062 -4.36138e-005
0.327179 100.105 -6.73197e-005
50.1402 100.028 -6.25178e-005
149.8 99.0845 -2.95565e-005
200.085 99.9963 -6.25663e-005
250.117 99.9429 -5.06267e-005
299.872 99.8768 -5.1789e-005
349.659 100.03 -5.53057e-005
399.404 100.289 -5.53131e-005
0.585419 150.352 -8.91518e-005
50.1857 149.896 -7.52136e-005
99.4693 149.165 -4.26229e-005
150.06 149.804 -6.35684e-005
200.011 149.665 -6.56545e-005
250.087 149.757 -6.22179e-005
299.913 149.901 -6.992e-005
349.856 149.952 -6.34305e-005
399.574 150.052 -6.44978e-005
0.238556 199.921 -8.9515e-005
50.0812 200.099 -8.92952e-005
99.5896 199.671 -6.51125e-005
150.082 200.13 -8.81627e-005
200.093 199.845 -7.34981e-005
250.159 199.776 -7.63945e-005
300.183 199.731 -7.02851e-005
349.969 199.784 -6.88229e-005
399.699 199.896 -7.66795e-005
0.202911 249.882 -9.35271e-005
49.8011 250.007 -8.04868e-005
99.6137 249.815 -7.8056e-005
200.084 249.901 -9.26349e-005
250.278 249.76 -8.13343e-005
300.119 249.824 -7.79349e-005
350.178 249.823 -8.13734e-005
399.885 250.024 -8.51061e-005
49.8838 0.257263 -7.05514e-005
100.254 0.580566 -7.06352e-005
149.955 0.308655 -4.79631e-005
199.879 0.551544 -4.53852e-005
249.76 0.387665 -2.75895e-005
299.719 0.447784 -1.93994e-005
349.61 0.244202 -7.89203e-006
399.644 0.101929 3.38443e-006
49.8814 50.0513 -7.49249e-005
99.8693 50.2254 -6.78618e-005
149.906 50.0386 -4.7788e-005
199.993 49.9681 -3.91733e-005
249.957 49.8963 -3.46377e-005
299.944 50.0856 -2.48421e-005
349.85 50.0029 -1.19135e-005
399.602 50.1984 -1.60374e-006
49.5959 99.8273 -7.40588e-005
100.073 99.9526 -7.1628e-005
150.062 99.7675 -6.08694e-005
200.09 99.9006 -4.81233e-005
250.048 99.9838 -3.91956e-005
300.121 99.8564 -2.65483e-005
349.965 100.042 -1.4035e-005
400.056 99.9427 4.40516e-006
49.2043 149.678 -7.25668e-005
99.4518 149.556 -6.70459e-005
150.099 149.794 -6.47549e-005
200.143 149.933 -5.44693e-005
250.254 149.71 -4.15817e-005
300.176 149.757 -3.20151e-005
350.14 149.752 -1.41934e-005
399.961 149.96 -2.50153e-006
-0.131592 199.953 -0.000117181
100.169 200.039 -9.51719e-005
149.931 199.903 -7.0164e-005
200.289 199.783 -5.85876e-005
250.318 199.713 -3.97805e-005
300.387 199.653 -2.71071e-005
350.285 199.892 -1.97887e-005
400.351 199.824 -8.1379e-006
-0.360107 250.096 -0.000117265
49.5914 249.85 -0.000102328
150.305 250.031 -8.20663e-005
200.47 249.906 -6.28252e-005
250.534 249.954 -4.98984e-005
300.533 249.829 -3.80185e-005
350.485 250.014 -2.13627e-005
400.399 250.06 -5.85802e-006
0.30658 0.0632324 6.42985e-006
50.36 0.0933838 -1.71456e-005
99.9379 -0.207458 -1.76206e-005
150.12 0.442139 -2.41157e-005
200.057 0.219055 -1.43629e-005
300.218 -0.0581665 6.68317e-006
349.841 0.368713 -1.7304e-005
399.63 0.401306 -2.03401e-005
0.363525 50.2111 -1.06953e-005
49.9511 49.9052 -8.14721e-006
99.7563 49.8711 1.12262e-005
149.903 49.6282 1.43349e-005
200.128 49.9614 -4.88572e-006
300.098 49.8811 4.57838e-006
349.879 50.3815 -8.462e-006
399.641 50.3632 -1.51284e-005
-0.0563965 99.9459 7.26618e-006
49.5446 99.7208 2.04667e-005
99.6649 99.5627 7.27735e-006
149.8 99.5054 1.64956e-005
200.438 101.044 -1.01514e-005
349.856 100.113 3.3807e-006
400.323 99.8011 1.78367e-005
-0.403931 149.699 2.13962e-005
49.5878 149.587 1.12969e-005
99.8494 149.78 2.90014e-006
150.272 150.3 2.81986e-005
200.092 150.257 -1.39121e-005
300.227 149.403 1.71866e-005
350.129 149.847 1.03787e-005
399.858 150.004 -6.55651e-007
-0.288025 199.855 1.65086e-005
49.8864 199.738 -1.41002e-006
100.581 200.523 3.00203e-005
149.579 199.761 2.44807e-005
200.67 201.245 6.6217e-006
249.906 200.5 5.23403e-007
300.571 199.332 6.04615e-005
349.999 200.073 1.68104e-005
400.058 199.932 1.25784e-005
-0.221558 249.896 1.17887e-005
49.7269 250.007 2.58517e-005
99.6664 249.985 3.0132e-005
150.564 250.536 3.13763e-005
199.891 249.924 3.20859e-005
299.812 250.346 1.55941e-005
350.118 249.969 2.16123e-005
399.883 250.025 1.13435e-005
-2.33701 -2.11316 -7.85291e-006
101.125 1.41705 -1.02054e-005
199.891 -0.606812 5.34095e-005
250.023 -0.492615 4.90304e-005
300.018 -0.0783081 6.15418e-005
349.6 0.251465 6.26594e-005
399.547 0.286987 7.70278e-005
50.4893 50.6862 5.08502e-007
99.9767 49.9534 7.97212e-007
199.831 49.7005 3.16966e-005
250.016 49.5859 5.01927e-005
299.719 50.0748 5.06584e-005
349.659 49.9952 6.17448e-005
399.562 50.1521 7.02813e-005
-0.0490723 100.468 -2.61888e-006
51.306 99.5329 -3.08715e-005
100.525 100.846 1.52551e-006
199.929 99.6729 4.33493e-005
249.778 100.048 4.1144e-005
300.066 99.9633 4.99338e-005
349.781 100.057 5.79786e-005
399.884 100.133 6.86273e-005
49.9071 150.494 4.88572e-006
100.648 149.579 -1.11982e-005
149.548 149.828 2.30502e-005
199.694 149.999 2.71462e-005
249.931 149.939 3.51984e-005
299.843 150.192 4.59217e-005
350.063 150.169 5.55739e-005
399.997 150.269 6.26836e-005
-0.534058 200.705 -1.10716e-005
50.3306 199.47 -1.65589e-005
99.2719 200.114 6.31995e-006
149.979 200.194 2.54996e-006
199.912 200.272 2.54381e-005
250.101 200.205 2.9441e-005
299.788 199.979 4.48637e-005
350.096 200.235 4.76334e-005
400.064 200.192 5.84908e-005
-0.438904 249.841 -2.60994e-005
48.9799 250.488 -7.82497e-006
99.5851 250.656 -1.09617e-005
149.638 250.516 1.34092e-005
200.171 250.602 9.96143e-006
249.751 250.178 3.95533e-005
299.942 250.191 4.18294e-005
349.897 250.197 5.06397e-005
400.15 250.349 5.63264e-005
2.67664 0.921082 -4.62309e-005
149.568 -0.425964 3.31309e-005
199.744 -0.219147 4.44558e-005
249.802 -0.148926 4.68399e-005
299.832 0.0846863 6.29779e-005
349.546 0.171661 7.26078e-005
399.703 0.0911255 9.02265e-005
52.511 50.8848 -4.36157e-005
149.691 49.7708 4.85368e-005
199.907 49.3975 4.01046e-005
250.014 49.7555 4.61861e-005
299.817 49.9784 5.64978e-005
349.797 49.8546 7.27791e-005
399.787 49.874 8.12896e-005
0.901672 100.435 -3.02307e-005
150.047 99.5448 1.1811e-005
199.997 99.6273 2.08486e-005
250.145 99.6974 4.24962e-005
300.123 99.899 5.26682e-005
349.817 99.9708 6.37546e-005
399.702 99.7436 7.57035e-005
1.5874 148.581 -6.14822e-005
50.8597 150.53 -1.83731e-005
102.655 149.013 -6.42184e-005
149.679 150.215 4.49885e-005
200.295 149.458 2.0666e-005
250.26 149.905 4.0723e-005
299.91 150.16 4.95017e-005
350.219 149.865 6.00889e-005
400.366 149.698 7.02143e-005
0.46991 200.972 -3.00817e-005
51.3006 199.021 -4.62104e-005
100.394 200.631 -1.6652e-006
148.034 199.663 5.89229e-005
200.112 199.962 1.53072e-005
250.058 200.208 2.97129e-005
300.252 199.838 4.20231e-005
350.511 199.842 5.58402e-005
400.45 199.985 7.00727e-005
-2.1452 251.249 -4.70467e-005
49.5328 250.12 -4.27086e-005
100.417 249.766 -2.00048e-005
149.899 250.27 -5.58607e-006
200.086 250.415 9.09716e-006
250.212 250.079 1.99173e-005
300.469 250.251 3.94806e-005
350.402 250.281 5.6671e-005
400.374 250.334 6.79754e-005
0.471069 -0.261368 -8.34018e-005
50.0693 0.140915 -6.69323e-005
100.424 0.40712 -6.66231e-005
150.125 0.0298309 -7.17752e-005
199.996 0.152664 -7.40681e-005
249.932 0.0657196 -7.17901e-005
299.913 0.135239 -7.59773e-005
349.658 -0.0984955 -6.7303e-005
399.688 0.317215 -6.49877e-005
1.02167 49.8347 -8.75406e-005
99.6368 49.9855 -3.77987e-005
150.253 49.9818 -5.77681e-005
199.91 49.846 -5.87068e-005
250.094 49.9661 -5.17238e-005
299.908 49.8506 -5.42887e-005
350.074 50.3043 -4.12669e-005
399.789 49.7867 -5.22099e-005
-0.427063 99.419 -4.38523e-005
49.2896 99.8396 -7.17491e-006
100.04 100.713 -5.49108e-006
149.87 99.6915 -3.99258e-005
200.28 100.212 -3.34419e-005
250.005 99.7649 -4.23156e-005
300.122 99.8982 -3.73647e-005
349.891 99.826 -4.01419e-005
400.068 100.187 -3.19518e-005
48.5014 149.629 -8.62405e-007
99.7946 149.677 -2.52221e-005
150.073 150.693 -6.96629e-007
199.967 149.542 -2.81222e-005
250.07 149.892 -2.07257e-005
299.98 149.739 -2.67271e-005
350.016 149.603 -2.50991e-005
400.181 149.824 -2.4125e-005
0.857727 201.014 -8.44337e-006
149.668 199.675 3.34531e-006
200.042 199.907 -7.02217e-006
249.986 199.802 -7.89389e-006
300.244 199.915 -5.20423e-006
350.282 199.924 -7.011e-006
400.188 199.765 -1.06078e-005
50.9127 250.642 -3.96371e-006
149.334 249.453 1.9744e-006
199.962 249.929 1.18427e-005
250.132 250.08 8.32602e-006
300.18 250.258 1.49757e-005
350.203 249.707 3.34904e-006
400.369 250.135 9.65595e-006
-0.152283 -0.0423584 -7.86781e-005
50.042 0.430878 -4.85964e-005
99.9772 0.325256 -4.98332e-005
149.975 0.155975 -3.43118e-005
199.93 0.337097 -1.15409e-005
249.725 0.091156 7.65175e-006
299.869 0.145233 1.86712e-005
349.907 -0.0238342 4.04995e-005
399.854 0.014679 5.44339e-005
-0.114075 50.272 -5.54062e-005
100.048 50.0189 -5.44265e-005
150.071 50.3298 -2.57008e-005
199.92 49.8995 -1.3642e-005
249.923 49.9439 1.53296e-006
299.781 49.9598 1.80379e-005
349.973 49.5392 2.59634e-005
399.98 49.9819 4.85014e-005
50.0665 99.8211 -5.15878e-005
100.258 100.34 -2.96421e-005
149.729 99.7328 -2.16663e-005
199.987 99.5664 -1.40425e-005
249.871 99.6141 3.42727e-006
300.12 99.9305 1.66483e-005
350.073 99.7112 3.03127e-005
400.29 100.27 4.95613e-005
0.015686 149.737 -6.5852e-005
49.8151 149.814 -3.88548e-005
100.099 149.757 -4.88814e-005
149.797 149.247 -3.09721e-005
200.009 150.011 -1.45845e-006
250.014 149.675 3.34904e-006
299.946 150.068 1.84849e-005
400.31 149.75 3.82885e-005
50.072 199.785 -5.07869e-005
99.7762 199.504 -3.37772e-005
149.841 199.71 -2.00383e-005
199.818 199.68 -1.6503e-005
249.603 199.915 1.03936e-006
299.95 199.606 -4.84288e-008
350.039 200.155 1.93678e-005
0.0681763 249.806 -5.126e-005
100.084 250.242 -2.53394e-005
150.181 250.289 -1.77603e-005
200.167 250.423 7.15256e-007
250.062 250.019 -4.27663e-006
299.982 250.01 5.72391e-006
350.234 250.433 2.07964e-005
399.953 250.526 3.08305e-005
-0.444336 -0.910686 7.76611e-005
49.3485 -1.69548 -3.72157e-006
99.6825 0.806721 1.39661e-005
150.311 -0.407391 3.43658e-005
198.467 0.609333 -3.29763e-005
250.681 0.754963 5.40242e-005
349.059 0.0111885 -2.30633e-005
-0.262573 49.5966 5.36405e-005
50.1887 50.7512 2.78763e-005
100.896 50.6138 9.24803e-005
149.2 50.2934 -8.75443e-006
200.536 50.7182 5.21392e-005
301.663 50.3625 4.99934e-005
350.695 50.2504 8.46758e-006
400.361 50.3543 1.3005e-005
0.0758057 100.379 4.34369e-005
49.5365 98.4077 -7.21216e-006
99.767 100.257 1.72853e-006
151.144 100.337 6.97784e-005
251.254 100.588 4.3314e-005
300.803 99.8708 1.6138e-005
350.789 100.343 1.8049e-005
400.464 99.906 -9.55537e-006
-0.803711 150.629 7.91959e-005
50.1547 149.93 3.20487e-005
100.205 150.188 3.97973e-005
150.636 149.902 2.38158e-005
200.574 150.508 3.52822e-005
250.711 149.839 1.00695e-005
300.184 150.104 1.75089e-007
350.333 149.793 -1.43275e-005
399.506 149.557 -3.36729e-005
-0.35437 199.801 3.22573e-005
100.302 199.595 2.81855e-005
150.204 199.629 9.84967e-006
200.359 199.731 3.82215e-006
250.111 199.573 -1.56648e-005
300.486 199.917 -1.69501e-005
349.833 199.641 -3.4254e-005
399.608 199.446 -4.7572e-005
49.7001 249.832 1.3683e-005
100.582 249.888 2.54512e-005
150.609 249.757 1.29305e-005
200.154 249.612 -7.63685e-006
250.103 249.716 -2.2199e-005
299.851 249.534 -3.63588e-005
349.772 249.706 -4.46402e-005
399.886 249.508 -3.84115e-005
0.818848 -0.0300903 -6.4211e-005
50.5707 0.238892 -6.82306e-005
100.717 -0.0286865 -5.2439e-005
150.41 -0.163696 -4.76521e-005
200.438 0.115723 -4.66313e-005
250.157 0.108826 -4.86821e-005
300.441 -0.186218 -2.327e-005
350.39 -0.11969 -1.95596e-005
0.399414 49.8282 -6.36391e-005
50.3242 49.7249 -6.67162e-005
100.228 49.7244 -6.79772e-005
150.252 49.1741 -4.8615e-005
200.069 49.7657 -5.1761e-005
249.835 50.5098 -6.77221e-005
300.093 49.706 -4.67394e-005
0.330444 99.6646 -7.42245e-005
49.86 99.6918 -4.44297e-005
100.28 99.8837 -7.02869e-005
150.033 99.7109 -6.25905e-005
200.3 100.968 -7.56457e-005
249.919 99.7213 -6.70142e-005
297.9 101.977 -0.000120876
346.569 101.476 -0.000131477
-0.239014 149.525 -8.53445e-005
49.9131 149.315 -7.35056e-005
100.223 149.404 -7.92984e-005
149.839 149.114 -6.32424e-005
199.975 149.882 -4.13526e-005
249.413 151.21 -0.000101613
299.63 149.664 -7.06501e-005
399.136 150.061 -5.37392e-005
0.270752 200.031 -8.63373e-005
49.2038 199.982 -6.16461e-005
100.729 200.696 -7.90339e-005
149.844 199.621 -6.73365e-005
200.256 200.721 -8.90885e-005
250.195 199.833 -3.99221e-005
350.816 199.441 -3.38238e-005
400.921 199.624 -4.16059e-005
-0.403381 249.792 -8.33087e-005
50.6301 250.56 -7.64951e-005
99.8911 249.712 -8.0796e-005
150.68 250.483 -8.22712e-005
200.021 249.724 -7.5547e-005
249.428 250.562 -9.81186e-005
300.542 249.76 -4.19859e-005
350.886 249.677 -5.29587e-005
399.356 249.571 -7.83764e-005
-0.562851 -0.852783 -9.44231e-005
49.8855 -0.0142212 -8.12318e-005
99.9386 -0.23822 -5.89956e-005
149.865 0.00793457 -6.30394e-005
199.687 1.01129 -6.75675e-005
300.253 -0.346008 1.35284e-005
349.596 0.0604858 5.51157e-006
398.836 0.378906 7.65547e-007
-1.19328 50.1028 -7.03335e-005
49.6644 49.6018 -8.67285e-005
99.6441 49.8314 -7.14771e-005
149.812 50.254 -6.91321e-005
199.697 49.8889 -4.88237e-005
299.02 50.5146 -4.03672e-005
350.277 49.9059 1.77175e-005
399.389 50.0102 7.27177e-006
-0.623581 99.585 -0.000108993
50.3707 99.5587 -0.000129269
100.491 100.778 -8.82223e-005
199.553 101.488 -0.000103276
300.725 99.6119 1.30869e-005
349.586 99.8306 -1.0727e-005
400.68 99.9182 3.17451e-005
0.067215 149.263 -0.000146944
49.3413 149.591 -9.80236e-005
98.8371 150.039 -5.13308e-005
150.35 151.017 -8.82428e-005
299.535 149.95 -2.71611e-005
350.711 149.667 1.29063e-005
399.758 149.515 1.69687e-006
-0.74675 199.813 -0.000118021
50.0423 199.305 -0.000123158
100.532 200.743 -8.86656e-005
149.536 199.802 -7.41985e-005
199.746 201.319 -0.000100331
250.405 199.288 -1.55699e-005
300.499 199.514 -8.57189e-006
349.696 199.662 -1.58641e-005
399.831 199.634 -3.68617e-006
0.108292 249.263 -0.000144983
50.2309 250.767 -9.09679e-005
99.7153 249.907 -9.42033e-005
150.263 250.471 -7.18627e-005
199.919 249.97 -6.22254e-005
250.464 249.859 -3.05679e-005
299.84 249.827 -2.9942e-005
350.017 249.655 -1.93547e-005
399.766 249.712 -2.94112e-006
-0.256653 0.429016 3.61819e-006
50.2195 0.36261 -1.352e-005
100.781 0.0132446 -2.70735e-005
150.969 -0.310547 -3.96417e-005
201.271 -0.166992 -5.67678e-005
251.308 -0.278381 -7.42385e-005
300.953 -0.16626 -9.32673e-005
350.645 0.126648 -0.000108589
399.929 0.233521 -0.000125661
-0.0523071 50.4527 2.049e-005
49.7822 50.1384 9.26387e-006
100.494 50.1199 -8.42568e-006
151.071 50.0265 -2.52444e-005
201.056 49.9775 -4.21386e-005
250.679 49.7087 -5.77969e-005
300.493 50.0345 -8.01096e-005
349.899 50.0618 -9.50731e-005
399.22 50.2379 -0.000116846
-0.41687 100.502 4.26704e-005
50.1923 100.411 2.32654e-005
100.416 100.1 1.23205e-005
150.292 98.9221 -5.05708e-007
200.446 99.7407 -2.71853e-005
250.135 100.17 -4.47398e-005
299.862 100.001 -6.80303e-005
349.211 100.041 -8.94656e-005
398.331 100.138 -0.000109585
0.053772 150.387 5.87506e-005
50.2406 150.277 3.99509e-005
100.467 150.008 2.44649e-005
150.186 149.159 1.45203e-005
200.91 150.11 -2.07564e-005
250.155 149.846 -3.812e-005
299.651 149.87 -6.21574e-005
348.534 149.889 -8.42046e-005
0.835205 200.263 6.93863e-005
50.6254 199.994 5.45802e-005
100.655 199.43 3.58317e-005
150.612 199.234 2.16113e-005
201.142 200.268 -1.86116e-005
250.25 199.557 -3.63262e-005
299.008 199.306 -5.2847e-005
1.48199 249.383 8.39205e-005
51.3399 249.147 6.63884e-005
101.43 249.174 3.99509e-005
150.991 248.756 2.18647e-005
250.006 248.774 -2.84975e-005
299.022 248.642 -5.23301e-005
-0.444824 -0.417786 3.42913e-006
49.9365 -0.240845 -1.38013e-005
100.509 -0.432251 -4.16115e-005
150.905 -0.639282 -6.82874e-005
200.809 -0.218079 -9.44249e-005
250.784 0.321777 -0.000125436
300.343 0.920959 -0.000160029
349.602 1.69391 -0.000194137
398.646 2.38934 -0.00023297
-0.538757 50.382 3.9652e-005
49.6099 49.9774 2.09855e-005
100.214 49.8669 -7.09016e-006
150.493 49.9651 -3.75407e-005
200.323 50.2501 -6.05546e-005
250.436 50.1737 -9.70075e-005
300.013 50.6721 -0.00013084
349.214 51.1627 -0.000165083
398.353 51.9152 -0.000206987
-1.26691 101.15 7.80793e-005
49.2328 100.474 5.41573e-005
100.204 100.07 2.32328e-005
150.008 100.3 -1.17905e-006
200.264 100.007 -3.35407e-005
250.273 99.803 -6.76578e-005
299.795 100.408 -0.000103232
349.043 100.733 -0.000141482
-1.95728 151.994 0.00010806
48.989 150.874 8.66214e-005
98.5891 149.646 7.1737e-005
150.267 150.213 2.75467e-005
200.198 150.019 -3.20747e-006
249.972 149.752 -3.48343e-005
299.596 149.874 -7.33892e-005
348.86 150.1 -0.000115398
-1.80499 201.832 0.000144681
48.5715 201.136 0.000121335
99.118 200.385 9.53488e-005
200.337 199.72 2.70735e-005
250.059 199.406 -8.46293e-006
299.428 199.27 -4.70653e-005
348.693 199.197 -9.06382e-005
-2.20422 252.106 0.000178655
48.63 251.166 0.000153482
99.1337 250.256 0.000127586
149.288 249.579 9.83095e-005
250.392 248.76 1.43657e-005
299.788 248.265 -2.3732e-005
348.755 247.959 -6.65346e-005
0.753174 1.28156 -7.60872e-005
50.1851 0.593567 -5.89397e-005
99.5312 -0.528198 -4.08478e-005
149.552 -0.743286 -2.90591e-005
199.438 -0.64325 -3.2695e-005
249.603 -1.43573 -3.57199e-005
299.823 -0.988525 -3.89237e-005
350.082 -0.872375 -5.50132e-005
1.05865 51.4449 -7.57333e-005
50.4719 50.6387 -4.85368e-005
99.8176 49.9515 -3.48687e-005
149.776 49.6219 -2.00514e-005
199.439 49.7234 -2.71834e-005
249.903 49.4706 -1.70972e-005
299.712 49.5755 -2.82209e-005
350.043 50.0202 -3.10522e-005
400.356 50.088 -4.31035e-005
0.637268 101.071 -8.48062e-005
50.4011 100.392 -4.8589e-005
99.9315 99.9743 -2.77255e-005
149.979 99.8914 -1.31968e-005
199.437 100.293 -1.84532e-005
249.512 99.8196 -1.31559e-005
299.798 99.8716 -5.36814e-006
349.999 100.326 -1.38339e-005
0.608521 151.068 -9.56953e-005
50.2725 150.517 -5.44582e-005
99.9536 150.128 -2.68817e-005
199.253 150.383 -1.6056e-005
249.531 149.972 3.77186e-006
299.394 150.223 -2.57045e-006
350.12 150.726 4.43496e-006
400.187 150.824 -6.12251e-006
50.0704 200.165 -6.61258e-005
100.542 199.497 -8.05594e-006
148.685 200.308 -3.22256e-005
199.186 199.927 2.13459e-006
249.208 199.94 1.83154e-005
299.468 200.308 2.26758e-005
349.614 200.715 1.96453e-005
399.985 201.101 1.84122e-005
50.1719 249.129 -6.80368e-005
148.89 249.396 -2.08355e-005
198.777 249.553 1.95764e-006
248.707 249.534 2.05375e-005
298.841 249.912 2.97613e-005
348.963 250.316 2.76193e-005
399.791 250.917 3.58652e-005
148.709 -0.995056 8.83481e-005
198.986 -1.28046 7.76006e-005
249.789 -0.979797 5.6209e-005
300.416 -0.872681 4.1957e-005
351.105 -0.815125 2.56719e-005
401.714 -0.812012 1.15922e-005
98.9885 49.9407 0.000118026
148.928 49.4874 0.00010756
199.245 49.5203 8.86573e-005
249.824 49.6382 7.58572e-005
300.27 49.694 5.97555e-005
350.865 49.8015 5.26607e-005
401.619 49.6932 3.45083e-005
-0.231743 100.411 0.000160886
49.2269 100.14 0.000148698
99.0549 99.9302 0.000132347
149.211 100.018 0.000120429
199.527 100.011 0.000107993
250.118 99.9961 8.89981e-005
299.765 99.8143 7.67214e-005
350.588 100.163 6.43944e-005
401.197 100.192 4.8711e-005
0.259621 150.639 0.000163619
49.6824 150.166 0.000160108
99.36 149.965 0.000149086
149.387 150.304 0.000137113
199.703 150.147 0.000120806
250.273 149.696 0.000120888
300.273 150.339 9.26536e-005
350.659 150.312 8.01608e-005
400.824 150.425 6.41663e-005
0.612007 200.517 0.000180459
50.0471 200.41 0.000169138
99.7344 200.193 0.000158195
149.443 200.07 0.000152847
199.881 200.117 0.000144809
299.956 200.299 0.000107281
350.139 200.308 9.61749e-005
400.538 200.573 8.33021e-005
1.62092 250.257 0.000188249
50.8055 250.021 0.000181134
100.127 249.984 0.000173748
150.155 249.95 0.000165517
200.27 249.867 0.000158153
249.535 250.807 0.000126445
299.773 250.191 0.000124827
349.775 250.293 0.000106811
399.714 250.443 9.10601e-005
48.6134 -0.958252 6.50994e-005
99.3916 -0.92334 4.10136e-005
150.383 1.71143 -2.53301e-005
200.339 -0.849182 -5.21541e-007
251.007 -0.867188 -1.42306e-005
301.122 -0.615967 -3.73228e-005
48.6322 49.8194 0.000106019
99.5678 49.8161 8.25804e-005
150.316 50.3728 5.24623e-005
200.755 49.4369 3.72045e-005
250.532 49.6509 1.54413e-005
300.994 49.9148 -3.39188e-006
351.098 49.9922 -2.43969e-005
49.1666 100.157 0.000138352
99.8185 99.9867 0.000114629
150.37 99.9348 8.71792e-005
200.564 100.089 7.40783e-005
250.473 100.189 4.51002e-005
300.898 99.8721 2.30251e-005
350.581 100.229 3.35276e-008
400.61 100.134 -2.06614e-005
-0.988129 150.444 0.000189099
49.3733 150.358 0.000170792
99.8953 150.059 0.000145135
150.537 149.953 0.000128256
200.642 150.123 9.71099e-005
250.74 149.971 7.14734e-005
300.354 150.14 5.35725e-005
350.142 149.984 2.94726e-005
400.029 150.138 7.26152e-006
-0.177216 200.498 0.000220215
50.1793 200.104 0.000193669
100.02 200.25 0.000177477
150.621 199.535 0.000157909
200.695 200.271 0.000126188
250.629 200.215 0.000105837
299.982 199.734 8.28616e-005
349.854 200.057 5.88112e-005
398.891 199.885 2.53469e-005
0.906342 250.042 0.00024781
50.6186 250.042 0.000233843
100.505 249.95 0.00020236
150.797 249.757 0.000186509
200.657 250.263 0.000155366
250.438 249.879 0.000130875
299.97 249.732 0.000104422
349.508 249.807 8.13641e-005
398.61 249.658 5.70919e-005
-0.683594 -0.0471191 0.000245936
49.7679 0.0932007 0.000239416
99.9447 -0.338745 0.000231528
150 0.0341187 0.000224227
199.965 -0.0274048 0.000220716
250.298 0.111023 0.00021406
300.357 0.146912 0.000209765
-0.36731 49.9814 0.000207231
50.3078 49.8997 0.000209626
100.246 49.9363 0.000197307
150.225 50.071 0.000194037
200.026 49.9728 0.000183898
250.666 49.9504 0.000184314
300.155 50.3995 0.00017574
-0.267151 99.7428 0.000171085
49.9606 100.02 0.000163058
99.9669 99.9449 0.000157529
150.141 99.8939 0.000153577
200.512 99.7751 0.000151621
250.337 100.045 0.000142163
300.105 100.265 0.000139837
349.846 100.113 0.000130099
0.170013 149.951 0.000128334
49.8894 149.861 0.000121445
99.9889 150.079 0.000115893
150.255 149.78 0.000115161
200.2 149.914 0.000108241
250.073 149.944 0.000103231
299.648 149.921 9.6702e-005
349.982 150.103 9.14326e-005
399.855 150.231 8.26893e-005
0.212799 200.65 8.67508e-005
49.9031 200.098 8.12346e-005
100.026 199.998 7.98469e-005
149.87 199.928 7.10478e-005
199.963 199.942 6.93444e-005
249.484 199.793 6.12484e-005
299.597 199.619 5.81415e-005
349.607 199.925 4.77619e-005
399.822 199.977 4.18536e-005
49.9519 249.925 4.06653e-005
99.2964 249.872 3.3305e-005
149.69 249.92 2.98917e-005
199.413 249.907 2.58824e-005
249.506 249.564 2.55248e-005
299.238 249.463 1.76234e-005
349.468 249.719 1.24695e-005
399.411 249.622 8.64267e-007
99.9235 0.196655 0.000196791
149.897 0.180054 0.000202892
200.37 -0.0654297 0.000213867
250.707 0.390076 0.000225554
350.046 0.629822 0.000237072
48.9416 50.3076 0.000149307
100.182 49.8176 0.000159672
150.424 49.9832 0.000168855
200.894 49.8522 0.000179586
250.697 49.8994 0.000184224
300.204 50.5301 0.00019272
350.027 50.4119 0.00019929
-1.74547 100.533 9.6607e-005
49.4704 100.16 0.000115366
100.032 99.7957 0.000118897
150.703 99.8694 0.0001336
200.781 99.7656 0.000138559
250.968 99.9293 0.00014824
300.186 100.261 0.000151099
349.879 100.457 0.000157907
399.624 100.452 0.000164887
-0.993271 150.171 6.17383e-005
49.8159 149.898 7.25379e-005
100.464 149.807 7.95396e-005
150.79 149.805 8.78917e-005
200.768 149.836 9.33176e-005
250.882 149.638 0.000103137
300.188 149.995 0.000108181
349.776 150.039 0.00011225
398.958 150.221 0.000116219
-0.772079 200.231 1.88956e-005
49.8759 200.082 2.73446e-005
100.573 199.787 4.08357e-005
150.947 199.7 4.32497e-005
200.918 199.763 5.28451e-005
250.941 199.937 5.97071e-005
300.156 199.618 6.30384e-005
349.585 199.881 7.00168e-005
398.734 199.589 7.00699e-005
-0.671982 250.363 -2.08393e-005
50.2035 250.405 -1.39438e-005
100.649 250.342 -3.78769e-006
151.078 249.914 3.04077e-006
200.929 249.78 5.23683e-006
250.76 249.967 1.39512e-005
299.944 249.953 2.11317e-005
349.546 249.401 2.44742e-005
398.785 249.592 2.94624e-005
99.9519 -0.509705 0.000162421
150.209 -0.654907 0.000197619
200.403 -0.466736 0.000230903
250.275 0.0730591 0.000260454
299.904 0.520081 0.000275465
349.441 1.117 0.000301959
398.718 1.46362 0.000311483
49.6493 49.9115 5.96475e-005
99.9472 49.3755 0.000109123
150.338 49.5156 0.000141196
200.765 49.1326 0.000176849
250.327 49.7055 0.000193529
299.976 50.0404 0.000215169
349.459 50.8271 0.000234617
398.519 51.2298 0.000241343
49.3381 100.055 4.04939e-006
100.041 99.7169 4.87026e-005
150.321 99.6401 8.80118e-005
200.656 99.3798 0.000108751
251.029 99.4263 0.000141999
300.275 99.9285 0.000153482
349.861 100.032 0.000170365
398.882 100.791 0.000178894
49.0207 150.721 -4.91329e-005
99.8528 149.945 -1.02986e-005
150.453 149.685 2.17538e-005
200.801 149.417 5.09769e-005
250.891 149.464 7.70204e-005
300.427 149.553 9.04482e-005
349.766 150.052 0.000105657
399.085 150.365 0.000110675
-2.50113 202.2 -0.000159519
48.8391 200.88 -0.00010889
99.631 200.355 -7.20993e-005
150.4 199.58 -3.65805e-005
200.863 199.341 -1.39028e-005
251.171 199.135 1.46646e-005
301.044 199.223 2.96962e-005
350.354 199.515 3.81079e-005
399.304 200.177 4.72777e-005
48.589 251.751 -0.000173077
99.6364 250.525 -0.000131439
150.456 250.214 -9.78634e-005
201.058 249.659 -7.0814e-005
251.426 249.356 -4.90975e-005
301.237 249.203 -3.09125e-005
350.755 249.46 -2.09287e-005
399.547 249.944 -1.93752e-005
198.748 0.65686 0.000152821
249.299 0.0441284 0.000142062
299.424 -0.179443 0.000130055
350.199 -0.207581 0.000118122
400.12 -0.229675 0.000101326
99.2826 50.6037 0.000129919
149.627 50.1888 0.000124922
199.672 49.8246 0.000111338
249.977 49.5187 0.000100574
300.472 49.7332 8.82102e-005
349.929 49.4561 6.75935e-005
400.058 49.7532 5.48987e-005
-0.607605 100.819 0.000100063
49.9539 100.124 9.99263e-005
100.213 99.7797 9.25316e-005
150.057 99.7721 8.19415e-005
200.212 99.6346 6.8618e-005
250.331 99.8285 5.28404e-005
300.99 99.7489 4.07863e-005
349.943 99.7021 1.9527e-005
400.651 99.9844 9.16515e-006
0.631897 149.934 6.18296e-005
50.176 149.61 5.24567e-005
100.149 149.56 3.95235e-005
150.279 149.617 2.95704e-005
200.729 149.82 1.80975e-005
250.655 149.953 3.81935e-006
300.497 149.985 -1.20597e-005
350.134 149.854 -2.75169e-005
400.263 150.159 -4.37312e-005
0.662903 199.942 9.0804e-006
50.2052 199.682 -1.71736e-006
100.034 199.686 -1.35629e-005
150.212 199.927 -2.71443e-005
200.137 199.7 -4.01447e-005
250.111 200.125 -5.36982e-005
300.176 199.921 -6.67647e-005
349.68 200.107 -8.36346e-005
400.088 200.49 -0.000101048
-0.00695801 250.078 -4.9443e-005
49.9263 250.222 -5.74486e-005
99.7444 250.195 -7.33184e-005
149.665 250.173 -8.32807e-005
199.582 250.084 -9.65055e-005
249.533 250.251 -0.000110392
299.331 250.341 -0.000125235
349.458 250.673 -0.000141229
399.259 250.57 -0.000157415
-0.623779 0.452148 1.23195e-005
49.8153 0.304443 -2.89548e-006
100.074 -0.0333252 -1.8293e-005
150.323 0.117676 -3.44096e-005
200.41 0.0726318 -4.95967e-005
250.497 -0.102173 -6.61286e-005
300.571 0.039917 -8.41459e-005
350.532 -0.201355 -9.79872e-005
399.68 0.128967 -0.000115127
-1.00476 50.6566 3.23253e-005
49.3268 50.1508 2.00896e-005
99.2816 50.5895 5.04684e-006
150.017 50.2556 -1.50511e-005
199.986 50.3084 -3.27835e-005
249.872 50.1653 -4.98854e-005
300.084 50.4293 -7.05989e-005
398.851 49.9395 -0.000100585
-0.918213 100.468 5.17266e-005
49.7222 100.341 3.38703e-005
99.9012 100.058 1.78311e-005
150.034 100.055 -1.91573e-006
199.753 100.047 -1.78553e-005
250.014 100.161 -4.27701e-005
299.907 100.289 -6.21015e-005
349.989 101.201 -8.95439e-005
-0.997803 150.681 6.9798e-005
49.6946 150.24 4.86085e-005
99.9943 150.061 3.20096e-005
150 149.652 1.44113e-005
200.223 149.857 -1.02827e-005
249.913 150.013 -3.1203e-005
299.897 150.239 -5.63134e-005
349.727 150.544 -8.32295e-005
-0.0423584 200.348 8.22833e-005
50.2415 199.787 6.29863e-005
100.173 199.56 4.41931e-005
150.602 199.506 1.88397e-005
200.318 199.504 -1.50036e-006
250.236 199.522 -2.63723e-005
299.799 199.434 -4.80013e-005
349.499 199.76 -7.4558e-005
0.376709 249.648 9.81661e-005
50.6235 249.201 7.52797e-005
101.191 249.175 5.01433e-005
151.116 248.971 2.90871e-005
200.97 248.6 6.07688e-006
250.741 248.708 -2.02348e-005
299.969 248.739 -4.48665e-005
0.42804 0.68335 -6.36727e-005
50.0654 0.307312 -5.23552e-005
99.6924 -0.29657 -2.49781e-005
149.313 -0.843323 -1.9744e-005
199.197 -0.986755 -1.11535e-005
249.051 -0.880554 -8.0727e-006
299.452 -0.690613 -9.74908e-006
349.796 -0.492188 -2.85544e-005
0.866028 50.8705 -6.38068e-005
50.2866 50.2772 -3.76068e-005
100.079 50.0411 -2.64216e-005
149.958 49.7392 1.80863e-006
199.383 49.4567 2.94857e-006
249.411 49.3394 2.0517e-005
299.668 49.649 2.11317e-005
350.236 49.9093 1.33514e-005
1.02631 100.968 -6.9337e-005
50.463 100.319 -3.14564e-005
100.245 100.145 -1.06711e-005
149.551 99.8814 8.76188e-006
199.119 99.4965 2.1942e-005
249.493 99.7946 3.08044e-005
300.161 99.8975 5.49331e-005
351.051 100.005 6.46785e-005
1.16345 150.983 -8.99248e-005
50.6077 150.515 -4.69424e-005
99.9386 150.136 -2.07517e-005
149.492 149.763 1.07549e-005
199.527 150.122 3.14638e-005
249.611 149.795 5.17555e-005
300.045 150.321 6.36298e-005
351.37 149.587 9.22866e-005
399.68 152.372 1.74157e-005
50.4594 200.268 -6.73253e-005
99.8392 199.706 -2.25939e-005
149.821 199.919 1.20681e-005
199.52 199.787 4.32469e-005
249.473 200.145 5.87795e-005
300.19 200.286 8.6844e-005
352.429 199.402 0.000149587
399.636 201.735 4.63538e-005
50.6718 249.836 -6.95102e-005
99.81 249.661 -3.21213e-005
149.334 249.614 -5.56931e-007
199.051 249.53 2.70866e-005
249.124 249.965 5.25322e-005
299.805 250.143 8.51378e-005
399.916 251.454 8.24034e-005
49.306 -0.0219727 0.000124421
99.3834 -0.296143 0.000113832
149.592 -0.450439 9.85116e-005
200.054 -0.520142 8.83061e-005
250.449 -0.404663 7.6279e-005
300.851 -0.193726 5.73117e-005
351.743 0.496826 3.48147e-005
-0.820053 50.1887 0.000153204
49.3867 50.2836 0.000145936
99.5637 50.0457 0.000126457
149.738 49.8545 0.000123274
200.051 49.8169 0.000109432
250.23 49.7319 9.9821e-005
300.633 49.9016 8.72314e-005
351.317 49.8883 7.49156e-005
401.896 50.8497 4.95687e-005
-0.334763 100.323 0.000168132
49.6537 100.244 0.00016078
99.9998 100.288 0.000156214
149.646 100.161 0.000141528
199.863 100.021 0.000127958
249.718 99.9346 0.000121519
300.517 99.8491 0.000115098
351.053 99.6476 0.000103416
0.0441132 150.649 0.000180321
50.0201 150.288 0.000178782
100.056 150.11 0.000169724
149.852 150.231 0.000154061
199.683 150.144 0.000147184
249.673 149.804 0.0001397
299.984 149.988 0.000132861
350.579 149.471 0.000128793
0.4189 200.578 0.00019904
50.1999 200.416 0.000187432
99.9271 200.202 0.000176979
149.862 199.918 0.000170693
199.679 199.936 0.000164457
249.655 200.1 0.000155574
299.707 199.782 0.000147102
350.131 199.344 0.000149092
0.690781 250.256 0.000206871
50.3122 250.064 0.000200031
100.202 249.95 0.000191813
150.137 249.794 0.000181613
199.551 249.872 0.000174452
249.641 249.824 0.000167616
299.311 249.641 0.000161691
350.053 249.257 0.000161858
-0.245422 -0.747986 0.00011263
50.1044 -0.639221 9.33558e-005
100.172 -0.424683 7.08438e-005
150.4 -0.391235 5.15077e-005
200.81 -0.380066 2.69152e-005
251.495 -0.0443115 -1.52737e-007
-0.770691 50.0947 0.000153128
49.9387 49.8745 0.000129037
100.001 49.8882 0.000110138
150.146 49.842 8.71066e-005
200.338 49.8505 6.78264e-005
250.567 49.5783 4.82369e-005
300.628 49.2953 3.38499e-005
-0.0888672 100.042 0.000179511
49.8986 100.14 0.000162965
99.949 100.054 0.000140727
150.046 100.076 0.000119455
199.872 100.134 0.000102844
249.951 100.123 8.27033e-005
300.047 99.3336 7.70111e-005
350.788 101.599 1.00769e-005
400.268 100.573 9.97633e-006
0.130554 150.203 0.000210993
50.2035 150.051 0.000191715
100.123 149.988 0.000172257
149.822 150.138 0.000147622
200.007 149.865 0.000127859
249.681 150.157 0.000113375
299.668 149.671 0.000100501
399.754 150.951 2.56859e-005
0.156433 200.469 0.000239752
50.2627 200.292 0.00022118
99.8956 200.238 0.000199534
149.863 200.099 0.00017825
199.679 200.103 0.000157408
249.381 200.169 0.000139384
299.283 199.761 0.00012508
348.564 199.046 0.000120452
398.922 201.222 4.40441e-005
0.585205 250.255 0.000266468
50.4714 250.048 0.000251545
100.38 250.015 0.000224702
150.082 250.047 0.000201132
199.619 250.063 0.000177123
249.419 250.042 0.000155915
299.161 249.936 0.000139415
348.586 249.402 0.000124954
398.683 251.733 4.10322e-005
-2.15764 -0.289185 -7.16979e-005
48.9511 -0.230835 -9.62364e-005
99.4987 -0.425293 -0.000123459
150.178 -0.110962 -0.000152823
200.439 -0.233826 -0.000179634
250.995 -0.137695 -0.000204883
301.276 -0.156555 -0.000231155
351.796 0.113281 -0.000259147
402.172 0.0384521 -0.000285989
-1.49306 50.2998 -7.67428e-005
49.3198 49.7101 -0.000101673
99.8064 49.9796 -0.000131198
150.105 49.9926 -0.00015882
200.407 50.0215 -0.000187729
250.427 49.7659 -0.000208631
300.517 50.2727 -0.000237904
350.866 50.0771 -0.000265636
400.837 50.1547 -0.000295041
-0.56749 100.159 -8.56128e-005
49.8717 100.48 -0.000115326
100.07 100.263 -0.000142644
150.243 100.113 -0.000169557
200.109 99.7957 -0.000193391
250.156 100.064 -0.000225672
299.963 100.128 -0.000251753
349.963 100.123 -0.000280395
399.612 100.19 -0.000307307
0.683243 150.289 -0.000103033
50.4217 150.451 -0.000130797
100.363 150.476 -0.000158386
150.131 149.94 -0.000182601
199.938 150.069 -0.000213536
249.507 150.008 -0.000241256
299.106 150.116 -0.000269915
348.521 150.065 -0.000296273
397.996 150.151 -0.000325055
1.62086 200.868 -0.000126025
51.2417 200.227 -0.000149807
100.786 200.009 -0.00017584
150.321 200.098 -0.000208211
199.607 199.86 -0.00023443
249.136 200.031 -0.000261551
298.284 199.779 -0.000284231
51.6531 249.433 -0.000168668
101.242 250.088 -0.000203248
150.255 249.896 -0.000230673
199.488 249.75 -0.00025878
248.537 249.407 -0.000284064
-1.1947 0.647217 -2.45692e-005
49.7947 -0.0739746 -7.13645e-005
100.415 -0.286865 -0.000122664
201 -0.432556 -0.000225133
251.206 -0.181763 -0.000278869
300.979 0.0346069 -0.000333693
350.627 0.22876 -0.000388356
399.458 0.898132 -0.000445071
-1.64215 50.985 -2.48384e-006
49.7246 49.9834 -5.38463e-005
100.684 49.4736 -0.00011061
150.638 49.8616 -0.000161306
200.673 49.8501 -0.000211503
250.709 49.9609 -0.000266306
300.49 50.0997 -0.000325137
349.665 50.3319 -0.000380792
398.732 50.9083 -0.000441114
-1.24646 100.663 1.11712e-005
49.3797 100.476 -3.76385e-005
100.25 100.107 -9.32924e-005
150.721 99.7173 -0.000147947
200.602 99.8027 -0.000203111
250.072 100.101 -0.000258367
299.767 100.279 -0.000318875
348.969 100.543 -0.000377503
-1.49457 150.417 2.98545e-005
49.8716 150.372 -2.73995e-005
100.163 150.236 -8.348e-005
150.428 149.929 -0.000142753
200.635 149.73 -0.000199395
250.066 149.73 -0.000254047
299.389 149.999 -0.000315279
348.222 150.547 -0.000375251
-0.59198 200.795 2.99811e-005
50.226 200.3 -2.49855e-005
100.487 199.675 -7.67587e-005
150.755 199.559 -0.000136421
200.45 199.55 -0.000192544
250.01 199.612 -0.000252997
299.014 199.785 -0.000313233
347.885 200.028 -0.000376019
-0.126984 250.073 4.10248e-005
50.803 250.043 -2.38428e-005
100.861 249.749 -7.27372e-005
150.848 249.084 -0.000133346
200.667 249.14 -0.000192644
250.04 249.157 -0.000255435
298.905 249.336 -0.000317743
298.991 -0.156433 8.79774e-005
350.198 -0.329041 8.14302e-005
401.425 0.150635 7.56681e-005
-0.098175 49.6227 0.000112159
49.6886 49.5923 0.000111107
99.193 49.2453 0.000108053
149.637 49.1082 0.000105411
199.411 48.903 9.65921e-005
249.095 49.6755 7.86791e-005
300.159 49.6934 7.25193e-005
350.508 49.8511 6.62412e-005
400.925 50.1747 5.65629e-005
0.672485 100.396 8.28188e-005
49.9443 99.8115 8.08621e-005
99.5135 99.5579 7.80243e-005
149.552 99.7108 7.26609e-005
198.958 99.8625 6.5296e-005
250.011 99.623 6.77798e-005
300.336 100.089 6.0319e-005
350.417 100.361 5.07897e-005
400.72 100.524 4.17028e-005
0.835815 150.919 4.44455e-005
50.1288 150.046 5.18812e-005
100.032 149.894 5.10486e-005
149.696 150.304 5.18048e-005
199.993 149.565 5.16186e-005
250.449 150.273 4.91133e-005
300.039 150.14 3.82392e-005
350.361 150.402 3.12487e-005
400.673 150.903 2.11606e-005
1.36929 201.158 1.67601e-005
50.3688 200.669 1.77966e-005
99.9272 200.133 2.0327e-005
149.613 200.072 2.07834e-005
199.617 199.62 2.30484e-005
249.656 200 1.72136e-005
299.833 200.225 1.23819e-005
350.075 200.496 4.26825e-006
399.832 200.452 -2.3162e-006
1.50409 250.858 -2.46502e-005
50.5417 250.166 -1.59461e-005
100.364 249.901 -1.10958e-005
149.566 250.064 -1.18017e-005
199.674 250.005 -8.7535e-006
249.195 249.687 -1.1065e-005
299.529 250.104 -1.30134e-005
349.574 250.505 -2.09948e-005
399.69 250.951 -2.96859e-005
148.733 0.464417 4.1184e-005
199.314 -0.356995 1.55345e-005
250.188 -0.410767 -1.48294e-005
300.398 -0.37384 -4.98286e-005
351.134 -0.139343 -8.16602e-005
400.946 -0.0654297 -0.000119242
98.8914 49.2908 8.63494e-005
149.147 49.8361 4.66481e-005
199.874 49.8235 1.37286e-005
249.743 49.5447 -2.14735e-005
300.538 49.944 -5.22519e-005
350.534 49.9614 -8.74093e-005
401.226 50.3049 -0.000120725
49.3918 99.8504 0.000100742
99.0912 100.172 6.77099e-005
149.886 99.8814 4.23249e-005
200.293 100.069 1.2652e-005
250.052 100.145 -2.57883e-005
300.146 99.889 -5.72177e-005
350.487 100.262 -9.3828e-005
400.502 100.221 -0.000123559
-0.304153 150.272 0.000120967
49.8355 150.216 9.22121e-005
99.3959 151.569 3.83584e-005
149.91 149.856 3.18326e-005
200.111 149.983 1.08872e-006
249.902 149.972 -3.36217e-005
300.092 150.021 -6.84625e-005
350.075 150.031 -9.77525e-005
399.951 150.116 -0.000133025
0.40892 200.34 0.000104006
50.3404 200.142 7.23703e-005
100.249 199.068 5.61802e-005
150.335 199.977 1.10148e-005
200.108 199.828 -1.37193e-005
249.782 199.811 -5.19184e-005
299.619 199.604 -7.72811e-005
349.533 199.787 -0.000115453
399.087 199.871 -0.000146385
1.24956 250.058 8.01021e-005
50.91 249.726 5.37308e-005
100.359 249.959 2.00216e-005
150.171 249.698 -7.35652e-006
199.955 249.638 -3.41255e-005
249.304 249.435 -6.81719e-005
299.269 249.666 -9.48915e-005
348.93 249.611 -0.000130069
398.672 249.659 -0.000155688
