272.252 -168.702 1360.79
274.291 -118.753 1358.21
276.434 -68.8944 1356.06
278.608 -19.1659 1353.48
281.107 30.7556 1351.61
283.206 80.5099 1348.97
285.667 130.445 1346.82
287.462 180.024 1344.42
289.804 229.727 1341.67
222.002 -166.538 1360.06
224.156 -116.515 1357.77
226.789 -66.8669 1355.72
229.164 -16.7963 1353.79
231.244 33.0579 1351.06
233.519 82.9216 1349.05
235.961 132.58 1346.61
238.28 182.548 1344.36
240.507 232.21 1342.12
172.173 -164.294 1359.64
174.631 -114.526 1357.74
177.137 -64.7654 1355.57
179.204 -14.6614 1353.07
181.964 35.098 1351.25
183.955 84.9307 1348.45
186.439 135.009 1346.77
188.267 184.553 1343.8
189.679 233.768 1340.62
122.655 -162.296 1359.95
125.078 -112.631 1357.28
127.242 -62.6697 1355.11
129.671 -12.6262 1353.01
131.583 37.1913 1350.47
134.04 87.2018 1348.46
136.283 136.991 1345.83
138.808 187.269 1344.09
141.297 237.688 1341.73
72.5746 -160.183 1359.18
75.2263 -110.669 1357.16
77.5946 -60.6995 1354.86
79.8221 -10.7789 1352.58
82.4269 39.4144 1350.68
84.5178 89.4941 1348.37
86.7383 139.376 1345.87
-63.3696 -74.7932 1132.77
90.2249 237.874 1339.89
22.8436 -158.421 1358.83
25.2493 -108.637 1357.08
27.4443 -58.5884 1354.47
29.8229 -8.51123 1352.41
32.5372 41.6167 1350.43
35.4464 93.2703 1349.35
35.8828 139.529 1344.17
38.4863 190.756 1342.48
40.6141 240.039 1340.18
