423.449 174.886 1373.31
380.349 198.926 1372.77
336.106 222.966 1371.54
292.477 246.91 1369.65
248.622 270.729 1368.23
204.93 294.823 1366.82
160.935 318.673 1365.29
117.669 342.933 1364
73.7249 366.787 1362.95
405.849 146.536 1410.52
364.725 171.426 1412.38
320.926 195.166 1409.56
275.887 218.934 1407.41
232.351 242.834 1405.85
188.523 267.057 1404.75
144.791 290.977 1403.14
101.064 315.166 1402.5
57.2813 339.039 1400.31
391.731 118.82 1449.09
349.178 143.457 1449.28
304.427 167.379 1448.53
259.95 190.955 1445.13
215.773 215.045 1444.3
172.026 238.938 1442.23
128.188 263.067 1441.07
84.4722 286.935 1439.49
40.6094 311.051 1438.61
570.506 99.5515 1638.83
333.195 114.924 1486.66
287.401 138.867 1484.37
243.759 163.104 1484.55
199.498 186.974 1481.3
155.678 211.039 1480.38
111.762 234.933 1478.63
67.977 259.085 1477.15
23.9379 283.078 1475.91
357.314 62.6017 1526.09
282.661 85.8557 1496.42
273.282 110.993 1523.63
227.64 135.152 1521.25
183.044 158.931 1519.61
139.249 182.953 1518.07
95.2198 207.099 1516.81
51.2733 231.076 1515.32
7.4411 255.037 1513.64
337.997 35.3406 1559.27
296.736 58.5282 1561.84
249.219 82.5909 1555.14
211.013 106.635 1558.34
166.771 130.947 1557.59
122.604 154.86 1556.15
78.8658 178.976 1555.08
34.8032 202.997 1552.82
-9.13458 227.019 1551.93
