288.685 12.224 1399.48
268.157 58.0847 1397.68
247.338 103.904 1394.99
226.649 149.6 1392.36
205.734 194.68 1390.18
184.489 239.643 1387.77
163.203 284.097 1385.19
141.934 328.24 1382.76
120.59 372.063 1379.99
254.559 -1.19669 1434.8
234.466 44.571 1432.54
213.566 90.3886 1429.88
192.539 135.775 1427.22
171.889 180.92 1425.15
150.78 226.02 1422
129.592 270.543 1419.4
108.538 314.708 1416.78
86.9796 358.509 1413.85
220.802 -15.1259 1470.26
200.527 30.8825 1467.49
179.563 77.0351 1464.46
158.899 122.13 1462.26
138.071 167.548 1459.22
117.196 212.66 1456.14
95.8771 257.048 1453.5
74.7411 301.182 1450.53
53.4853 344.759 1447.58
186.597 -29.2987 1505.23
166.572 17.3228 1502.32
147.443 62.934 1499.77
124.924 109.059 1496.54
104.224 154.197 1493.67
83.5975 199.186 1490.71
62.4452 243.715 1487.57
41.2037 287.777 1484.29
19.8065 331.385 1480.95
153.07 -42.2071 1539.95
132.883 3.71091 1537.21
112.551 49.7208 1534.26
94.5586 94.4029 1532.19
70.5148 141.123 1527.91
49.7659 185.958 1524.67
28.8926 230.323 1521.37
7.79144 274.424 1517.8
-13.3648 318.242 1514.15
119.333 -55.8283 1574.8
99.0571 -9.47464 1571.78
78.8577 36.5439 1568.74
58.4778 82.0714 1565.64
81.5742 109.806 1580.37
15.8909 172.934 1558.22
-4.71838 217.441 1554.72
-25.5046 261.357 1551.05
-46.6532 305.301 1547.35
