141.478 -68.0828 1407.67
145.626 -18.0386 1404.9
149.893 31.8015 1402.01
153.768 81.6605 1399.37
157.807 131.364 1396.69
161.898 181.018 1393.82
165.7 230.65 1391.05
169.92 280.244 1388.34
173.527 328.993 1385.78
104.399 -63.0139 1441.1
108.907 -13.033 1438.33
112.575 36.5887 1435.97
116.724 86.7814 1432.72
120.593 136.308 1429.91
124.622 185.748 1427.03
128.253 235.46 1424.13
124.679 289.268 1418.74
136.518 333.428 1418.58
67.6373 -57.5317 1474.23
71.6976 -7.35431 1471.28
75.895 42.3945 1468.38
79.7526 92.0256 1465.38
83.7052 141.343 1462.68
87.3109 190.977 1459.38
91.0624 240.393 1456.51
93.9662 289.857 1453.54
100.471 337.212 1451.43
30.5137 -52.212 1507.52
34.7016 -2.10223 1504.13
38.8126 47.7628 1501.25
43.0364 97.2846 1498.15
46.5776 146.894 1494.93
50.2357 196.067 1491.97
53.726 245.428 1488.74
57.0814 294.597 1485.43
55.9652 346.159 1480.5
-6.29541 -46.0589 1540.03
-1.99011 3.68085 1536.71
2.0495 53.1138 1533.65
5.78204 102.888 1530.2
9.58038 152.086 1527.18
13.229 201.368 1523.83
17.035 250.371 1520.67
20.3756 299.42 1517.4
22.9688 348.383 1513.59
-42.7628 -40.3876 1572.56
-38.6682 9.23035 1569.05
-34.9365 59.1505 1565.64
-30.9914 108.519 1562.43
-26.993 157.749 1558.97
-23.4741 206.854 1555.59
-19.8901 255.453 1552.29
-16.3659 304.319 1548.82
-13.3575 352.826 1545.22
