303.046 -172.502 1406.36
314.923 -122.336 1402.82
326.815 -72.3576 1399.44
335.521 -21.2209 1395.57
350.655 26.9441 1393.04
362.886 76.7102 1390.16
374.485 126.078 1387
386.463 175.857 1383.7
397.924 224.932 1380.54
267.038 -161.261 1441.45
278.943 -111.549 1437.8
290.923 -61.4299 1434.42
302.236 -11.3115 1431.07
315.034 38.0426 1427.53
326.619 87.0587 1424.42
338.43 136.731 1421.47
350.22 186.031 1418.31
361.79 235.259 1414.78
231.183 -149.952 1475.44
243.145 -100.275 1472.04
255.168 -50.4684 1468.55
266.962 -0.700531 1464.95
278.967 48.6337 1462.23
290.441 97.8183 1458.68
302.567 147.356 1455.19
313.984 196.322 1452.12
325.892 245.508 1448.86
195.308 -138.846 1509.35
207.368 -89.3537 1506.21
219.392 -39.685 1502.54
231.581 10.0639 1499.44
242.984 59.4762 1495.82
254.796 108.762 1492.26
266.494 157.574 1489.33
278.279 206.54 1485.87
289.921 255.655 1482.7
159.749 -127.353 1543.33
171.773 -77.859 1539.57
183.599 -28.8452 1536.7
196.141 20.7552 1533.07
207.102 70.2655 1529.78
218.968 119.364 1526.57
230.919 167.824 1522.97
242.376 216.977 1519.82
253.69 265.288 1515.9
124.521 -115.673 1576.79
136.492 -66.8367 1573.95
148.022 -17.6935 1570.15
160.22 31.6853 1567.06
171.315 80.9311 1563.66
183.253 129.845 1560.03
194.894 178.583 1556.46
206.48 227.346 1553.21
218.084 275.644 1549.77
