272.921 -169.375 1360.88
274.957 -119.374 1358.52
277.144 -69.2951 1356.29
279.201 -19.4468 1353.86
281.366 30.6135 1351.47
283.482 80.4348 1349.15
285.615 130.47 1347.13
287.717 180.231 1344.32
290.055 229.967 1341.84
222.983 -167.159 1360.89
224.964 -117.046 1358.56
227.375 -67.0028 1356.14
229.269 -16.9789 1353.92
231.523 32.864 1351.33
233.534 82.6894 1349.08
235.582 132.427 1346.8
237.836 182.385 1344.16
240.025 232.147 1341.91
172.907 -164.857 1360.38
175.102 -114.931 1358.24
177.311 -64.9528 1355.51
179.534 -14.9249 1353.19
181.569 34.8054 1350.96
183.747 84.7526 1348.52
185.83 134.624 1346.41
188.029 184.467 1343.89
190.142 234.065 1341.31
122.748 -162.628 1360.36
125.057 -112.868 1357.75
127.399 -62.6552 1355.33
129.664 -12.6736 1352.67
131.803 37.0743 1350.64
133.885 86.6681 1347.95
136.011 136.832 1346.11
138.179 186.64 1343.82
140.367 236.584 1341.46
71.5817 -158.642 1361.97
74.9316 -110.545 1357.29
77.4041 -60.6055 1355.02
79.5145 -10.6635 1352.58
81.8029 39.3008 1350.44
84.0349 89.2105 1347.91
86.2403 138.506 1345.23
88.2534 188.869 1343.56
90.5215 238.806 1341.15
22.7111 -158.219 1359.42
24.9055 -108.285 1357
27.3547 -58.5555 1354.51
29.6243 -8.62354 1352.13
31.6887 41.2518 1349.66
34.2058 91.1886 1347.56
36.2263 141.59 1345.52
38.3776 191.089 1343.05
40.5273 241.152 1341.21
