422.788 174.935 1373.19
379.029 198.66 1371.42
336.03 222.94 1370.69
292.375 246.755 1369.11
248.953 270.807 1367.88
204.991 294.796 1366.52
156.376 310.405 1358.94
117.452 342.639 1363.62
73.4981 366.029 1361.62
406.777 146.929 1410.69
363.217 170.724 1409.54
319.293 194.396 1407.62
276.08 218.844 1406.98
232.259 242.58 1405.2
188.871 267.166 1404.58
148.547 297.777 1407.9
100.841 314.605 1401.24
56.9788 338.703 1400.08
390.313 118.746 1448.74
346.79 142.719 1447.11
303.27 166.599 1445.87
259.662 190.558 1444.41
216.445 214.859 1443.42
172.404 238.892 1442.06
120.287 248.564 1428.6
84.3602 286.537 1438.74
40.5931 310.181 1436.94
374.063 90.5637 1486.4
330.492 114.47 1485.32
286.733 138.501 1483.47
243.163 162.349 1482.32
199.361 186.514 1480.97
155.942 210.713 1479.76
111.278 233.968 1477.61
68.1121 258.599 1476.9
23.8453 282.889 1475.72
357.685 62.3978 1524.04
313.911 86.1732 1522.61
270.621 110.171 1521.44
226.815 134.601 1520.62
183.101 158.354 1519.15
139.237 182.533 1517.69
95.1882 206.686 1516.42
51.5356 230.617 1515.22
7.40179 254.967 1514.07
341.125 34.4044 1562.05
297.452 58.0618 1560.66
253.88 82.1878 1559.41
210.359 106.185 1558.49
166.6 130.287 1557.3
122.592 154.411 1555.86
77.6675 176.769 1552.58
34.9775 202.959 1553.79
-9.49005 226.992 1551.99
