141.582 -66.9839 1407.34
145.83 -17.5721 1404.4
150.165 32.4491 1401.66
154.22 81.9706 1398.62
158.529 131.985 1396.16
162.313 181.424 1392.72
166.405 231.322 1390.14
171.159 281.925 1387.84
181.709 342.757 1393.17
104.548 -62.6019 1440.6
108.83 -12.3138 1437.92
113.034 37.1405 1434.7
117.387 87.0238 1431.97
121.079 136.742 1428.31
125.496 186.696 1425.98
129.994 237.337 1423.82
133.837 287.193 1421.06
136.746 334.34 1416.1
67.5698 -57.114 1474.15
71.6351 -7.86755 1470.26
75.5912 42.3195 1468.18
80.0144 91.9427 1464.81
84.3871 141.946 1462.12
60.4919 143.509 1415.42
91.7871 240.365 1455.03
95.8627 290.733 1452.48
99.7865 339.671 1449.14
30.3652 -52.6204 1506.94
34.3595 -2.88586 1504.05
38.2689 46.4784 1501.25
42.6233 96.3479 1497.44
46.7063 147.048 1494.93
50.8491 196.64 1492.23
54.6998 246.227 1488.41
58.7174 295.658 1485.01
62.3922 345.423 1482.31
-7.55981 -48.4238 1539.23
-3.54578 0.912109 1535.55
-4.40277 42.9583 1524.39
5.80591 102.827 1532.35
9.64404 152.164 1528.76
13.5165 201.621 1524.62
17.0905 251.789 1522.77
21.2932 300.54 1517.8
25.002 350.665 1515.67
-45.7638 -45.2728 1569.71
-40.1893 7.3717 1570.84
-35.0356 58.8218 1569.93
-31.3977 107.803 1565.39
-28.1331 156.85 1561.48
-24.0107 207.326 1559.24
-20.4286 256.694 1555.27
-16.3334 306.354 1552.18
-12.6238 355.806 1548.49
