141.372 -66.2162 1406.75
146.481 -18.3268 1405.33
149.075 33.2355 1400.27
154.263 81.9402 1398.9
158.422 131.907 1395.66
162.617 181.485 1393.19
166.66 231.378 1390.33
170.62 280.924 1387.32
174.799 330.608 1384.76
104.076 -60.8145 1438.92
110.055 -14.5613 1439.82
113.114 37.0047 1434.83
116.985 87.1846 1431.61
121.293 136.785 1428.94
125.316 186.623 1425.99
129.399 236.317 1423.47
133.459 285.909 1420.49
137.433 335.55 1417.64
67.6614 -57.8034 1473.76
71.4786 -7.44305 1470.07
75.6182 42.2943 1467.59
79.2617 92.7146 1463.78
83.557 141.951 1461.49
88.1173 191.761 1458.97
92.1978 241.457 1456.37
96.2559 291.107 1453.32
100.396 340.705 1450.63
30.2809 -52.5443 1506.72
34.2313 -2.80212 1503.08
38.2589 46.9941 1500.69
42.5918 96.4447 1498.32
46.6266 146.766 1495.17
50.7662 196.675 1492.11
54.7383 246.583 1489.31
58.8395 296.128 1486.29
62.8917 345.804 1483.41
-7.0354 -46.9965 1539.2
-2.95618 2.43896 1536.55
1.03821 52.0013 1533.75
5.07715 102.18 1530.67
8.93561 152.175 1527.41
22.4 188.398 1545.93
17.8917 250.684 1523.51
21.4779 301.148 1519.04
25.6774 350.744 1516.45
-44.0189 -42.0381 1572.44
-40.241 7.40076 1570.22
-36.3441 57.4517 1566.31
-32.1363 107.334 1564.14
-28.1236 156.892 1561.2
-24.8806 207.952 1555.83
-25.7003 264.537 1540.96
-15.4112 305.822 1552.63
-11.5702 355.645 1549.77
