190.999 -252.658 1414.64
218.191 -209.26 1408.24
251.88 -175.202 1410.5
282.678 -136.397 1408.63
312.062 -95.9756 1405.04
342.506 -56.4625 1402.48
371.904 -16.4025 1399.22
401.936 23.3091 1396.5
432.123 62.91 1393.88
162.345 -230.369 1448.03
191.287 -188.543 1443.23
226.12 -156.15 1447.47
253.241 -111.736 1440.23
283.487 -72.196 1437.55
313.063 -32.009 1434.02
342.81 8.02057 1430.72
372.895 47.6879 1428.34
402.867 87.1438 1425.75
133.082 -206.301 1479.87
163.25 -166.704 1477.22
177.23 -102.054 1448.47
224.692 -88.3706 1472.94
253.552 -47.1063 1468.43
284.03 -7.47668 1466.26
313.996 32.2061 1463.23
343.79 72.072 1460.19
373.591 111.881 1457.45
103.328 -181.163 1511.15
133.833 -142.117 1508.86
164.809 -103.857 1507.64
194.336 -62.7403 1503.73
224.438 -22.9169 1500.58
254.629 17.0009 1497.94
284.34 56.9829 1494.61
314.556 96.7084 1492.15
344.406 136.442 1489.24
74.1807 -157.298 1543.42
104.094 -117.456 1540.64
134.803 -78.6895 1539.05
164.32 -37.693 1534.89
194.992 1.74786 1532.74
225.101 41.7145 1529.58
255.412 81.4672 1527.02
285.398 121.177 1524.24
315.065 161.069 1520.89
44.894 -132.916 1575.7
75.0353 -93.5698 1573.73
105.206 -53.979 1570.86
138.452 -18.4336 1573.61
165.26 26.5221 1564.08
195.869 66.2516 1561.8
225.933 105.968 1559.15
255.984 145.974 1555.99
285.697 185.804 1552.97
