137.679 -56.5768 1410.54
145.828 -17.5526 1404.33
149.825 32.9556 1400.73
153.789 82.2668 1398.57
158.073 131.904 1395.21
161.86 181.499 1393.21
166.091 231.112 1390.47
170.46 282.102 1386.22
174.212 331.246 1384.35
104.526 -62.4301 1440.67
108.81 -11.935 1436.62
112.805 37.4627 1434.23
116.899 87.2623 1431.24
120.914 136.768 1428.43
126.714 190.118 1420.97
128.922 236.446 1423.15
132.984 286.483 1420.19
136.924 335.758 1417.57
67.7238 -57.7911 1473.44
71.5639 -8.09454 1470.62
75.6431 42.2396 1467.33
80.0408 93.1523 1463.46
83.6407 142.307 1461.15
87.9599 191.485 1458.62
91.6813 241.74 1456.01
95.7422 291.142 1453.18
99.7086 340.561 1450.69
30.2822 -52.8659 1506.85
34.1032 -3.38239 1504.04
39.1923 48.1623 1499.02
42.4464 97.0644 1497.66
46.6729 146.999 1494.33
50.8556 196.431 1491.46
54.529 246.621 1488.95
58.8332 295.715 1486.04
62.5296 345.512 1483.55
-18.3171 -67.6224 1563.33
-2.22858 3.03741 1535.46
1.6568 52.274 1532.93
5.48749 102.098 1530.39
9.29791 152.155 1527.55
13.4534 201.575 1524.69
17.4471 251.717 1521.84
21.3627 300.846 1519.15
25.4066 350.505 1516.31
-43.4306 -41.6292 1571.56
-39.485 7.61847 1568.78
-35.6721 57.3041 1566.38
-31.8742 107.193 1563.8
-27.9853 156.844 1560.99
-23.3653 206.863 1557.4
-19.6921 256.58 1554.65
-15.6426 306.093 1551.75
-11.7233 355.49 1549.16
