191.566 -254.816 1416.36
221.517 -215.352 1413.71
251.686 -174.979 1410.26
281.749 -135.488 1407.28
311.865 -95.621 1404.28
342.144 -56.0993 1401.61
372.111 -16.189 1398.75
402.171 23.5115 1395.74
432.334 63.1193 1393.02
162.206 -230.649 1448.6
192.268 -190.853 1445.73
222.424 -151.23 1442.57
252.671 -111.178 1439.61
282.721 -71.67 1436.7
312.849 -31.7924 1433.7
342.939 8.09821 1430.62
373.028 47.7827 1427.9
403.159 87.2874 1425.73
133.041 -206.572 1480.5
163.218 -166.792 1477.2
193.315 -126.98 1474.7
223.47 -87.2595 1471.39
253.479 -47.0186 1468.47
283.639 -7.37201 1465.41
313.604 32.3362 1463.18
343.826 72.0054 1460.14
373.983 111.865 1457.54
103.478 -182.564 1512.67
133.851 -142.386 1509.16
163.982 -102.366 1506.18
194.193 -62.6153 1503.11
224.242 -22.8105 1500.71
254.488 16.9991 1497.52
284.525 56.9159 1494.86
314.78 96.5662 1491.93
344.528 136.366 1489.37
74.3091 -158.197 1544.77
104.363 -118.486 1541.46
134.744 -78.0981 1538.54
164.908 -38.329 1535.68
195.234 1.58331 1532.46
225.32 41.5624 1529.57
255.268 81.3474 1527.06
285.139 121.088 1524.69
315.304 161.017 1521.42
44.8521 -133.538 1576.59
75.0659 -93.4164 1573.24
105.171 -53.5256 1570.42
135.547 -13.6381 1567.37
165.878 26.2963 1564.35
195.823 66.1904 1561.89
225.911 105.864 1558.91
256.102 145.843 1556.79
286.044 185.687 1553.18
