190.193 -261.286 1414.72
220.495 -220.306 1411.15
251.124 -180.243 1408.27
281.623 -139.541 1405.29
312.326 -99.0578 1402.35
342.756 -57.6581 1399.14
373.359 -16.6314 1396.23
403.982 24.4594 1393.17
434.64 65.417 1390.21
160.95 -235.41 1447.44
191.17 -195.241 1444.63
221.61 -154.523 1441.57
252.213 -114.402 1438.56
282.562 -73.5735 1435.34
313.164 -32.6062 1432.53
343.643 8.28372 1429.49
374.392 49.1508 1427
405.111 90.2457 1423.72
131.873 -209.786 1480.43
162.033 -169.927 1477.45
192.287 -129.662 1474.25
222.667 -89.0666 1471.49
253.19 -48.3808 1468.63
283.733 -7.35519 1465.36
313.953 32.7022 1462.43
344.578 73.9718 1459.78
375.183 114.972 1456.74
102.399 -184.245 1512.57
132.859 -144.68 1509.97
163.138 -104.631 1507.09
193.289 -64.0124 1504.49
223.811 -23.3293 1501.3
255.044 17.1027 1498.88
284.62 58.1573 1495.52
315.196 98.8898 1492.64
345.472 139.582 1489.65
73.3754 -159.257 1545.31
103.444 -119.351 1542.49
133.741 -79.304 1539.6
164.125 -39.2983 1537.11
194.792 1.4299 1534.53
387.961 -25.3086 1581.17
255.086 82.6892 1528.22
285.549 123.252 1525.45
315.951 164.149 1522.73
44.626 -133.64 1577.41
74.7148 -94.0788 1574.76
104.764 -54.303 1572.21
135.223 -13.9413 1569.59
165.786 26.4498 1566.98
194.656 67.1277 1563.65
225.743 107.242 1561.03
255.88 147.834 1557.92
286 188.358 1554.99
