272.064 -167.763 1360.67
274.263 -118.049 1358.46
276.616 -68.6304 1355.96
278.793 -18.9118 1353.79
281.103 30.8863 1351.19
283.439 80.5123 1348.99
285.665 130.294 1346.41
287.846 179.936 1344.68
290.069 229.76 1342.12
222.29 -166.102 1361.07
224.531 -116.245 1358.65
226.795 -66.4959 1355.95
229.203 -16.709 1353.44
231.396 33.1168 1350.65
233.641 82.9327 1348.66
235.967 132.344 1346.35
238.072 182.345 1344.06
239.955 231.937 1342.31
172.427 -163.73 1360.71
174.806 -114.034 1358.32
177.055 -64.2053 1355.55
179.4 -14.4042 1353.08
181.729 35.3139 1350.57
183.83 85.0233 1348.23
186.033 134.932 1345.96
188.083 184.412 1343.77
190.151 234.302 1341.81
122.826 -161.73 1360.52
124.974 -111.53 1357.92
127.226 -62.3067 1355.57
129.573 -12.181 1352.68
131.689 37.6302 1350.27
134.143 87.5938 1347.45
136.02 137.079 1345.67
138.303 187.247 1343.07
140.123 236.702 1341.14
72.9008 -160.154 1360.99
75.0854 -110.246 1358.26
77.454 -60.0191 1355.35
79.5628 -10.7978 1353.11
81.9823 39.9892 1349.83
84.4005 90.2065 1346.94
84.9914 137.546 1347.48
88.2224 189.216 1343.19
90.4295 238.965 1340.82
22.7234 -158.471 1361.44
24.9678 -108.701 1358.58
27.4185 -58.3619 1355.8
29.4735 -8.88751 1353.54
32.7284 43.0354 1348.81
33.9341 91.3536 1348.09
36.6197 141.801 1344.85
38.3988 191.488 1342.82
40.5615 241.218 1340.85
