304.493 -168.484 1408.97
315.445 -119.319 1406.09
327.395 -70.8557 1403.06
338.025 -22.1558 1398.84
348.077 26.6101 1395.1
354.293 74.5959 1387.67
374.057 123.426 1390.5
384.3 171.632 1386.21
394.703 219.686 1382.05
269.046 -158.364 1444.48
279.961 -108.796 1438.97
291.318 -60.2382 1435.84
302.108 -11.3283 1432.09
314.051 36.9599 1428.86
-154.764 66.8906 1061.06
335.703 133.709 1421.5
349.496 182.907 1420.18
359.815 230.847 1415.56
232.622 -146.773 1475.29
243.088 -96.9321 1469.86
254.714 -48.2787 1468.87
269.565 -1.91269 1468.74
275.391 48.4673 1460.24
278.911 95.3911 1450.58
303.159 145.413 1457.27
312.854 193.265 1451.98
325.548 242.609 1450.23
196.111 -135.029 1506.26
208.47 -87.4694 1505.2
220.712 -39.6455 1504.07
229.972 11.0807 1498.31
245.645 58.0694 1498.7
262.331 108.47 1499.32
265.683 155.491 1488.7
278.57 204.858 1486.56
289.028 252.687 1481.73
161.088 -125.222 1541.79
172.403 -75.8344 1536.93
183.715 -26.7099 1535.67
195.66 20.6545 1531.8
204.645 70.1216 1527.13
220.289 118.168 1526.44
231.373 166.918 1522.83
241.794 214.919 1518.42
253.256 263.603 1514.93
125.175 -113.476 1573.23
137.071 -64.8873 1573.17
148.419 -16.8638 1568.29
159.921 32.2495 1565.75
171.522 80.3893 1561.84
183.842 129.263 1559.38
194.719 177.321 1555.29
206.235 226.031 1551.61
217.705 274.315 1548.46
