191.702 -260.947 1414.93
221.599 -221.079 1411.73
252.169 -181.106 1409.05
282.262 -141.268 1405.69
312.849 -101.089 1402.83
344.806 -60.3865 1399.7
371.036 -19.2303 1397.16
401.949 21.864 1394.04
432.518 63.2819 1391.4
162.269 -234.803 1447.67
192.366 -194.887 1445.04
222.428 -155.314 1442.09
252.947 -114.892 1439.25
282.96 -74.9175 1436.05
312.152 -34.3478 1432.99
342.878 6.71881 1430.02
373.089 47.2838 1427.18
403.168 88.053 1424.25
133.026 -208.436 1480.37
163.108 -169.19 1477.34
193.161 -129.523 1474.46
223.207 -89.2278 1471.68
252.827 -49.4002 1468.83
283.89 -8.64367 1466.19
313.882 32.0783 1463.49
343.791 72.5498 1460.55
373.908 113.136 1457.56
103.354 -182.499 1512.41
133.828 -143.567 1509.72
164.069 -103.623 1507.01
193.881 -63.6232 1504.79
224.712 -23.6674 1501.69
254.759 17.181 1499.44
284.572 57.085 1496.18
314.691 97.6943 1493.37
344.596 138.476 1490.54
74.3114 -156.62 1544.86
104.243 -117.605 1542.07
134.572 -78.1943 1539.32
164.659 -38.4052 1536.75
195.205 1.40943 1534.01
225.111 41.827 1531.37
255.212 82.2579 1528.66
285.252 122.83 1525.8
315.212 162.826 1522.84
45.0241 -131.052 1576.16
75.2681 -92.2607 1573.68
105.655 -52.5513 1571.23
135.296 -13.0156 1568.78
165.697 27.0615 1566.34
195.769 66.6462 1563.45
225.921 107.24 1561.04
255.77 147.716 1558.28
285.62 188.286 1555.51
