-153.238 136.9 1378.15
-108.075 115.202 1379.44
-63.2163 93.4666 1380.45
-17.8884 71.4443 1381.87
27.2519 49.8029 1382.78
72.6576 27.8655 1384.22
116.154 8.35394 1382.99
162.548 -14.9227 1386.22
207.842 -37.0161 1387.83
-138.025 170.266 1412.42
-93.0417 148.574 1413.39
-47.7578 126.639 1414.69
-2.69351 104.648 1415.66
42.9874 82.6865 1417.38
84.7078 66.1483 1412.55
132.16 40.5889 1418.02
178.338 18.0247 1420.62
223.093 -3.39691 1421.47
-122.732 203.586 1446.25
-77.5418 181.935 1447.36
-32.555 160.347 1448.44
12.7095 138.15 1450.57
55.7161 119.728 1446.53
102.906 95.2374 1451.61
148.009 73.6782 1452.58
192.981 51.9569 1453.73
238.633 29.8512 1455.08
-107.538 237.223 1480.1
-62.5204 215.771 1480.97
-17.3853 194.066 1481.78
28.7077 171.236 1484.94
73.2985 150.011 1484.63
118.253 128.588 1485.59
163.677 106.79 1486.77
208.62 85.174 1487.64
253.595 63.4351 1488.97
-91.8929 270.591 1514.04
-47.508 249.601 1514.06
-1.22559 226.473 1517.87
43.5626 205.46 1517.54
88.5846 183.671 1518.55
133.807 161.808 1519.67
178.86 140.302 1520.3
224.211 118.684 1521.6
268.831 96.9583 1522.18
-76.4516 303.901 1547.89
50.9423 167.966 1755.93
14.1992 259.734 1551.51
58.7472 238.771 1551.39
103.939 217.318 1552.44
149.183 195.463 1553.67
194.281 173.706 1554.57
239.441 152.233 1555.51
284.502 130.357 1556.53
