335.604 329.016 1380.53
285.769 327.991 1381.69
235.613 326.772 1381.6
185.697 325.919 1381.91
135.962 324.963 1382.67
86.3137 324.24 1383.03
36.1744 323.14 1383.38
-13.6684 322.408 1383.87
-63.558 321.381 1384.29
337.14 294.298 1417.05
286.057 292.45 1417.76
236.596 291.949 1416.93
186.905 291.015 1417.94
137.069 290.281 1417.98
87.1453 289.273 1418.43
37.3909 288.313 1418.91
-12.8636 287.485 1418.84
-62.6479 286.34 1419.78
337.183 258.851 1453.26
287.965 258.465 1452.52
237.987 257.251 1453.5
188.452 256.572 1453.3
138.132 255.558 1453.4
88.369 254.594 1453.92
38.1695 253.351 1454.52
-11.7368 252.499 1454.75
-61.7892 251.204 1455.68
339.097 224.573 1487.73
289.593 223.776 1488.53
238.929 222.344 1488.24
189.349 221.783 1488.37
139.492 220.543 1489.73
89.3702 219.6 1489.64
39.5255 218.348 1490.34
-10.96 217.503 1489.49
-60.8809 216.402 1490.68
339.21 188.95 1524.74
290.263 188.612 1523.86
240.665 187.874 1524.14
190.658 186.723 1524.67
140.548 185.542 1524.76
90.8911 184.451 1525.42
40.3192 183.367 1525.19
-9.60126 182.085 1526.12
-59.8599 181.137 1525.53
341.6 154.912 1559.52
289.539 152.702 1559.67
241.671 152.566 1560.56
191.515 151.407 1560.82
141.671 150.399 1561.43
91.4805 149.317 1561.02
41.546 148.248 1561.3
-8.62054 146.966 1562.03
-58.3506 145.831 1562.38
