143.138 -69.084 1406.97
144.009 -16.1452 1400.89
148.115 33.416 1401.25
151.191 82.0193 1396.47
159.262 132.478 1397.51
162.739 181.894 1393.42
166.598 231.659 1390.9
170.074 280.701 1387.43
174.278 330.428 1384.81
103.583 -60.8441 1437.46
108.242 -11.2963 1438.62
112.469 37.5219 1434.4
14.8826 82.8564 1339.91
121.192 136.963 1429.12
125.676 187.022 1426.71
129.019 236.182 1423.29
133.189 285.803 1420.33
137.087 335.344 1417.32
67.4925 -56.2307 1475.22
70.9682 -6.35287 1468.42
74.8284 43.2693 1468.15
77.6243 91.986 1463.06
84.5981 142.464 1463.17
87.9394 191.686 1459.45
92.0549 241.589 1456.27
95.9683 290.924 1453.2
100.018 340.711 1450.3
30.3194 -54.0241 1508.67
34.408 -1.58377 1505.18
38.2661 48.0154 1499.42
42.9582 97.263 1498.62
46.7022 146.926 1495.25
50.7686 196.762 1492.03
54.6763 246.379 1489.26
58.7725 296.244 1486.2
62.663 345.771 1483.04
-7.11932 -46.7222 1541.02
-2.62958 3.25064 1535.89
1.35895 52.2751 1534.43
4.92596 102.273 1530.32
9.40747 152.219 1528.42
13.3282 201.897 1524.88
17.7448 251.37 1522.19
21.3901 301.167 1518.75
25.5258 350.813 1515.79
-44.0665 -42.024 1572.37
-40.2123 7.34909 1570.51
-36.6951 57.2715 1566.52
-31.9886 107.354 1564.58
-28.4277 157.188 1560.52
-23.3556 206.915 1558.84
-19.5574 256.557 1555.21
-15.5339 306.141 1552.13
-11.7095 355.95 1548.86
