288.223 12.2994 1401.38
267.407 57.4083 1398.18
246.546 102.786 1395.4
225.619 147.888 1392.45
204.975 193.3 1389.92
183.985 238.638 1387.65
163.369 284.365 1387
142.145 328.678 1380.42
121.429 373.88 1378.96
254.634 -1.12109 1435.27
234.079 44.2456 1432.96
213.073 89.5535 1429.81
192.191 135.02 1427.4
171.454 180.082 1424.18
150.658 225.72 1422.19
129.116 269.57 1413.38
108.927 315.6 1415.53
87.8919 360.558 1412.29
221.09 -14.5294 1470.15
200.46 30.8007 1467.52
179.504 76.2718 1464.55
158.77 121.878 1461.55
137.981 167.269 1459.2
117.175 212.572 1456.43
95.9963 257.397 1451.26
75.2749 302.559 1449.56
54.6193 347.668 1447.01
187.486 -27.9247 1504.7
166.768 17.5623 1501.94
145.82 62.7291 1498.66
124.988 108.559 1496.01
104.126 153.679 1492.96
83.5877 199.216 1490.07
62.6364 244.389 1487.22
41.7714 289.576 1484.4
20.8942 334.614 1481.28
153.666 -41.3621 1539.39
132.861 3.7951 1535.96
112.438 49.6625 1533.41
91.3863 95.0032 1530.69
70.5985 140.514 1526.35
49.7733 185.897 1525
29.0958 231.51 1522.15
8.28363 276.57 1519.06
-12.5004 321.69 1516.63
120.095 -54.7432 1573.52
99.1015 -9.36511 1570.88
78.4461 36.2256 1568.41
57.8092 81.7977 1565.16
36.8229 127.131 1561.58
15.9948 172.902 1560.15
-4.71338 218.533 1557.1
-25.2463 263.706 1554.1
-46.0891 308.698 1551.08
