272.538 -168.451 1361.27
274.455 -118.549 1358.24
276.983 -69.1204 1356
278.508 -19.052 1353.52
281.108 30.7443 1351.6
238.397 79.041 1316.66
286.17 130.632 1347.8
287.665 180.122 1344.78
289.836 229.775 1342.44
222.142 -166.187 1360.18
224.714 -116.747 1358.04
227.244 -67.0677 1356.44
229.786 -17.0669 1354.29
231.464 33.0222 1351.4
338.156 87.5598 1428.55
236.17 132.721 1347.22
237.741 182.378 1344.55
239.914 231.999 1342.09
172.594 -164.394 1360.27
175.225 -114.93 1358.48
177.468 -64.9632 1355.8
179.904 -14.9624 1353.85
180.298 35.5876 1350.68
200.671 85.9206 1361.97
187.733 135.59 1348.51
188.135 184.563 1344.42
190.908 234.888 1342.64
122.98 -162.53 1360.24
125.212 -112.687 1357.66
127.174 -62.5606 1355.12
129.254 -12.2365 1353.69
130.992 37.4173 1350.06
148.475 88.4004 1361
136.762 137.26 1346.6
138.476 187.04 1344.12
140.415 236.632 1341.52
72.738 -160.199 1359.55
74.8814 -110.179 1356.7
76.7881 -59.5684 1355.46
79.685 -10.7428 1353.08
80.2685 40.2621 1350.18
83.1524 89.326 1347.77
87.3836 139.839 1347.5
88.2993 189.136 1343.82
90.6402 239.049 1341.43
22.6102 -157.922 1358.87
24.9317 -108.097 1357.09
27.258 -58.2927 1354.99
29.0151 -7.50924 1352.74
31.8582 41.6551 1350.55
36.6072 92.1206 1350.92
35.7219 141.31 1345.51
38.4428 191.465 1343.46
40.494 241.089 1340.88
