191.639 -255.476 1415.22
221.374 -215.683 1412.33
251.818 -175.582 1409.76
281.639 -135.793 1406.9
311.89 -95.9468 1404.49
341.82 -56.1302 1401.67
372.029 -16.2821 1399.17
402.149 23.4846 1396.56
431.835 63.2002 1393.39
162.188 -231.003 1447.78
192.266 -191.139 1444.71
222.513 -151.497 1441.62
252.559 -111.266 1439.37
282.491 -71.6326 1436.36
312.766 -31.824 1433.64
342.742 8.22351 1431.19
372.865 47.8368 1428.08
402.634 87.3616 1425.35
132.923 -206.504 1479.74
163.095 -166.692 1476.8
193.127 -126.85 1474.04
223.285 -87.0899 1471.35
253.553 -47.0408 1468.9
283.582 -7.2821 1465.86
313.484 32.3096 1462.49
343.508 72.1606 1460.32
373.532 111.964 1457.28
103.317 -182.211 1511.9
133.703 -142.164 1508.88
163.965 -102.306 1506.51
194.087 -62.4714 1503.61
224.299 -22.9191 1500.4
254.448 17.0605 1497.83
284.473 56.9457 1495.13
314.483 96.6709 1492.22
344.175 136.419 1489.24
74.1283 -157.699 1544
104.065 -117.918 1541.2
134.516 -77.7551 1538.74
164.702 -38.03 1536.16
194.798 2.03235 1533.19
225.073 41.6085 1530
255.044 81.3656 1527.1
284.95 121.008 1523.91
315.134 160.883 1521.17
44.7848 -133.245 1576.7
75.0373 -93.2415 1573.67
105.162 -53.3588 1570.95
135.394 -13.3137 1568.34
165.761 26.2675 1565.34
195.826 66.0002 1562.18
225.909 105.653 1559.05
255.814 145.5 1556.26
285.896 185.248 1553.39
