-12.5427 -68.9415 1405.85
30.7405 -44.9102 1403.78
74.0662 -21.3376 1402
117.408 2.68005 1399.67
160.827 27.0438 1397.66
204.141 51.6664 1395.66
247.91 76.7051 1393.57
291.659 102.037 1391.02
334.004 128.492 1388.49
-30.1626 -34.0977 1437.01
12.9821 -10.598 1435.21
56.3501 13.6088 1433.23
99.785 37.4984 1431.65
142.869 61.6774 1429.38
186.388 85.9647 1427.62
229.984 110.972 1425.67
273.885 136.254 1423.44
306.393 168.907 1418.46
-47.9816 0.64679 1467.98
-4.82495 23.9002 1466.47
38.4935 47.9676 1464.77
81.4329 71.7634 1463.01
124.656 95.7202 1460.99
168.342 120.625 1459.25
212.326 145.259 1457.78
256.528 170.271 1455.91
297.431 197.448 1452.85
-65.7629 35.6008 1498.5
-22.6743 58.8891 1497.23
20.3155 82.4925 1495.58
63.4865 106.112 1494.06
106.834 130.673 1492.68
150.472 154.793 1490.87
194.123 179.83 1489.35
238.969 204.127 1487.45
280.127 231.274 1485.09
-83.3324 70.1695 1529.47
-40.61 93.5172 1527.61
2.45282 116.677 1526.33
45.7805 140.853 1525.25
88.9928 164.717 1523.86
132.279 189.333 1522.35
176.284 213.945 1521.01
221.915 237.961 1519.9
262.329 264.775 1516.54
-100.959 104.47 1559.53
-58.2002 127.86 1558.34
-15.4722 151.303 1557.12
27.5564 175.132 1555.81
70.7729 199.103 1554.36
114.118 223.648 1553.15
158.07 248.183 1551.96
235.11 254.207 1564.77
244.671 298.55 1548.39
