191.906 -255.41 1415.78
221.582 -215.407 1412.7
252.339 -175.772 1410.55
282.452 -136.201 1407.79
312.424 -96.0789 1405.04
342.294 -56.2788 1401.91
373.408 -16.7523 1400.37
403.529 23.1455 1397.65
422.264 63.3023 1387.52
162.55 -231.331 1448.22
192.573 -191.392 1444.96
222.572 -151.458 1441.87
253.517 -112.135 1439.78
283.067 -71.9406 1436.97
312.155 -31.4394 1433.42
343.432 7.91166 1431.25
367.221 48.4518 1424.88
476.545 90.3298 1478.58
133.119 -206.745 1479.9
163.709 -167.756 1478.9
193.247 -126.793 1474.3
223.496 -87.254 1471.7
252.663 -46.1634 1468.64
283.484 -7.2778 1465.42
309.599 33.341 1460.47
338.897 72.2408 1456.53
379.367 112.715 1461.89
103.359 -182.537 1511.59
133.981 -142.785 1509.21
164.05 -102.385 1505.87
194.509 -63.192 1503.75
224.819 -23.1873 1502.68
252.182 18.2778 1496.62
284.134 57.0207 1494.63
334.433 98.3187 1508.69
344.239 136.43 1490.02
74.1424 -157.364 1544.29
104.28 -118.781 1542.94
134.406 -76.8579 1539.17
164.905 -38.3563 1536.29
194.019 2.95841 1532.55
225.907 41.4152 1532.2
249.639 81.6787 1522.31
286.854 121.558 1526.3
316.692 161.882 1522.9
44.7562 -133.588 1576.85
75.202 -92.5456 1574.73
105.228 -53.4764 1570.94
135.304 -12.4527 1568.29
165.621 26.491 1565.28
194.26 66.8902 1561.37
226.993 106.18 1561.46
257.044 146.633 1557.66
285.596 185.881 1553.02
