284.745 13.5263 1400.19
254.811 58.5791 1387.39
255.187 104.101 1403.15
226.522 148.287 1393.41
205.41 193.642 1390.49
183.999 238.641 1386.88
163.171 284.01 1384.32
142.254 328.927 1381.24
121.652 374.541 1378.54
251.169 0.449253 1431.38
230.256 45.2756 1431.33
285.25 94.4171 1488.73
193.842 135.753 1429.38
172.124 180.665 1424.71
150.683 225.751 1421.55
129.671 270.734 1418.6
109.109 316.157 1415.8
88.0632 361.303 1412.58
220.107 -13.5987 1470.66
196.647 32.3942 1462.63
173.2 76.8655 1460.13
158.77 121.876 1461.5
137.725 166.987 1458.36
117.227 212.681 1456.05
96.147 257.823 1453.06
75.3206 302.772 1450.07
54.6537 347.999 1446.91
186.246 -26.5785 1502
165.933 18.5221 1502.51
142.451 63.9582 1494.4
126.863 109.344 1499.04
104.444 154.209 1493
83.6954 199.589 1490.86
62.6518 244.378 1487.84
41.7808 289.959 1484.51
20.8717 335.348 1481.25
153.429 -40.2908 1540.67
132.117 5.34061 1534.34
112.177 50.4151 1534.73
95.367 95.3716 1534.52
70.666 140.658 1527.8
49.7798 185.893 1525.14
29.0937 231.446 1521.88
8.20465 277.008 1518.98
-12.619 322.26 1516.23
120.273 -56.3363 1574.71
99.0604 -9.5068 1570.27
78.5803 36.9934 1567.68
57.722 81.7455 1565.23
36.8129 127.233 1562.49
16.0596 172.668 1559.17
-4.65656 218.367 1556.77
-25.2563 263.738 1554.15
-46.1786 308.949 1551.13
