423.926 175.27 1373.97
380.314 199.225 1372.25
336.266 223.053 1371.38
292.51 247.245 1369.88
248.627 270.842 1368.67
204.878 294.916 1367.21
160.911 318.918 1365.75
117.371 342.772 1364.22
73.5143 366.689 1362.82
407.54 147.102 1411.21
363.444 171.069 1410.44
320.078 195.171 1408.57
275.912 219.111 1407.64
232.272 243.107 1406.03
188.379 267.022 1404.93
144.663 291.088 1403.2
100.847 315.022 1401.82
56.9883 339.253 1400.28
390.703 118.628 1449.57
347.117 143.058 1447.56
303.128 166.689 1447.2
259.59 190.682 1445.6
215.593 214.867 1444.25
171.913 238.812 1442.98
128.105 262.926 1441.3
84.3834 287.248 1439.28
40.5647 310.638 1438.36
374.163 90.3464 1487.66
330.421 114.439 1485.8
286.683 138.553 1484.86
243.013 162.837 1482.76
199.243 186.744 1482.03
155.467 210.6 1480.45
111.756 234.888 1479.07
67.9683 258.599 1477.36
23.9532 282.81 1476.34
356.671 62.054 1526.18
313.813 86.0819 1523.8
270.063 110.313 1522.66
226.324 134.287 1521.5
182.699 158.539 1519.91
139.07 182.505 1518.49
95.1326 206.543 1517.21
51.2948 230.96 1515.22
7.47339 254.925 1513.83
338.006 34.1646 1567.24
296.673 58.1459 1561.88
253.779 82.2273 1559.66
209.448 106.03 1559.74
166.155 130.345 1557.55
122.448 154.431 1556.22
78.8002 178.65 1554.51
34.8031 202.388 1553.64
-9.08582 226.961 1551.58
