-12.5834 -68.0271 1405.6
30.7128 -44.3723 1403.69
74.0875 -21.0764 1401.54
117.738 3.2952 1399.76
161.188 28.1049 1397.76
205.198 52.4263 1395.21
248.815 77.6327 1393.43
292.607 102.869 1391.1
336.332 127.895 1388.55
-30.227 -33.3019 1436.95
13.0765 -9.9248 1435.24
56.3038 13.7527 1433.24
99.9351 37.958 1431.47
143.197 62.7242 1429.39
187.251 87.3206 1427.52
230.646 112.235 1425.33
274.359 137.487 1423.56
318.208 162.643 1421.3
-48.2945 0.869019 1467.74
-4.74786 24.3391 1466.34
38.5308 48.1598 1464.7
82.1526 72.585 1463.07
125.124 97.4211 1461.24
168.927 121.763 1459.12
212.722 146.525 1457.38
256.328 171.824 1455.47
300.373 197.29 1453.62
-66.1486 35.5235 1498.7
-22.7441 58.9389 1497.52
20.6428 82.7293 1496.07
67.0881 105.573 1495.43
107.077 131.815 1492.62
151.007 156.03 1490.92
194.388 180.983 1488.95
238.406 206.287 1487.46
282.027 231.314 1485.27
-83.6357 69.9418 1529.45
-40.6235 93.282 1528.24
3.49481 116.702 1527.41
45.2108 141.523 1525.37
89.2967 165.597 1524.08
132.859 190.045 1522.56
176.524 215.076 1520.93
220.09 240.215 1519.13
263.855 265.417 1517.36
-101.244 103.837 1559.35
-58.0125 127.122 1558.79
83.7192 111.146 1600.49
27.8427 175.252 1556.36
71.2235 199.609 1555.11
114.712 223.944 1553.64
158.255 248.829 1552.15
201.798 273.937 1550.38
245.868 299.337 1548.98
