141.886 -67.7509 1406.81
146.07 -17.0391 1404.2
150.294 33.0181 1401.22
154.085 83.2085 1398.43
158.242 132.996 1395.54
162.32 183.14 1392.91
166.42 232.97 1390.13
170.275 283.03 1387.41
174.407 332.936 1384.55
104.649 -61.9548 1440.77
109.267 -11.6169 1437.69
113.066 38.3717 1434.86
117.1 88.1908 1432
121.078 137.985 1429.05
125.508 187.659 1426.51
129.103 237.28 1423.87
133.291 287.125 1420.86
137.184 336.58 1417.92
67.8453 -56.0651 1473.94
71.5961 -6.12335 1471.13
75.7988 43.5791 1468.14
79.9628 93.2719 1465.22
84.3239 142.715 1462.42
87.9874 192.195 1459.4
91.9869 241.563 1456.69
95.9698 291.057 1453.75
99.923 340.247 1450.99
30.5858 -50.0275 1506.65
34.4498 -0.758358 1503.89
38.4404 48.7043 1501.05
42.9387 98.017 1498.08
46.7264 147.275 1495.06
50.7387 196.351 1492.15
54.5982 245.453 1489.29
58.6341 294.409 1486.5
62.4931 343.382 1483.61
-7.2226 -44.392 1539.27
-2.64581 4.77179 1536.26
1.53546 53.8488 1533.37
5.27716 102.794 1530.22
9.44202 151.605 1527.31
13.3008 200.68 1524.61
17.5818 249.437 1521.95
21.2316 298.022 1518.92
25.3143 346.828 1516.06
-44.566 -38.2918 1570.99
-39.3592 9.83637 1568.25
-36.1022 58.8422 1565.33
-32.0388 107.355 1562.36
-28.0102 156.076 1559.38
-23.7606 204.66 1556.47
-19.7845 253.093 1553.71
-15.8334 301.629 1550.71
-11.9952 349.614 1547.65
