303.945 -174.506 1407.39
315.516 -124.448 1403.8
327.784 -75.0807 1400.26
336.694 -24.4687 1397.13
349.131 25.1212 1393.47
360.956 75.2162 1390.1
372.41 124.73 1386.57
383.953 174.768 1383.33
395.203 223.927 1379.71
267.897 -162.544 1441.89
279.547 -112.784 1438.28
291.266 -63.0005 1434.82
302.229 -13.282 1431.4
313.911 36.7051 1427.93
325.496 85.8173 1424.19
336.97 135.938 1421.11
348.379 185.24 1417.57
359.789 235.274 1414.33
232.137 -150.591 1475.61
243.762 -100.495 1472.12
254.948 -51.4398 1468.91
267.073 -1.5271 1465.63
278.633 48.1564 1462.47
289.841 97.2727 1458.82
301.581 146.571 1455.28
312.783 196.303 1451.9
324.403 245.553 1448.59
196.485 -138.273 1509.64
208.178 -88.9149 1506.37
217.967 -39.5514 1502.82
231.599 9.57782 1499.52
243.117 59.0578 1496.28
254.508 108.147 1492.75
265.954 157.641 1489.24
277.544 206.867 1486
288.873 256.067 1482.5
160.92 -126.406 1543.25
172.572 -77.2527 1539.74
185.307 -28.4749 1536.42
195.805 21.2144 1532.98
207.595 70.1517 1529.86
218.855 119.162 1526.16
230.682 168.156 1522.97
241.862 217.445 1519.39
253.243 266.284 1516.13
125.42 -114.419 1576.25
137.26 -65.615 1572.93
148.425 -16.8173 1569.63
160.222 32.1616 1566.31
171.889 81.1502 1563.15
183.326 129.759 1559.54
194.835 178.988 1556.57
206.211 227.946 1553
217.827 276.905 1549.97
