303.296 -167.594 1408.71
314.611 -118.98 1405.41
326.445 -70.3751 1402.43
337.666 -22.0115 1398.76
349.093 26.4868 1395.66
360.247 74.8318 1391.97
371.97 123.259 1388.79
383.237 171.486 1384.98
394.775 219.939 1382.04
267.655 -157.117 1441.93
279.18 -108.226 1438.6
290.753 -59.9174 1435.47
302.093 -11.3323 1431.96
313.848 37.0593 1428.84
325.115 85.6489 1425.49
336.928 134.043 1422.24
348.142 182.349 1418.56
359.655 230.658 1415.33
232.158 -146.27 1475.06
243.656 -97.5967 1472.04
255.359 -49.0009 1468.82
266.85 -0.554077 1465.71
278.408 47.8174 1461.88
289.971 96.1846 1458.74
301.404 144.797 1455.25
312.797 193.001 1451.66
324.289 241.361 1448.26
196.449 -135.687 1508.22
208.183 -87.0818 1505.15
219.62 -38.6524 1501.93
231.41 10.0392 1498.53
242.99 58.6046 1495.76
254.435 106.997 1491.74
266.099 155.365 1488.42
277.287 203.709 1484.82
288.579 251.981 1481.13
160.97 -124.836 1541.97
172.697 -76.2568 1538.67
184.099 -27.6205 1535.3
195.706 20.6383 1532
207.419 69.4227 1528.71
218.784 117.594 1525.09
230.358 166.212 1521.66
241.937 214.531 1518.07
253.384 263.006 1514.8
125.343 -114.075 1575.56
136.841 -65.2168 1572.39
148.536 -17.1283 1568.77
160.154 31.8027 1565.81
171.862 80.3322 1562.73
183.594 128.403 1558.6
194.873 177.046 1555.5
206.132 225.273 1551.29
217.406 273.597 1547.64
