334.482 327.805 1379.82
285.281 327.392 1380.53
235.644 326.574 1380.89
186.81 327.415 1382.84
135.594 324.021 1381.35
86.2169 324.485 1382.88
36.0706 322.989 1382.79
-13.9092 322.533 1383.76
-63.9144 321.565 1384.1
335.739 293.303 1415.43
286.541 292.612 1416.21
236.735 291.854 1416.61
187.251 291.255 1417.43
136.117 288.285 1416.24
87.0617 288.664 1417.68
37.1715 288.703 1418.66
-12.9529 287.189 1418.75
-62.9391 286.623 1419.88
337.503 258.673 1451.35
287.624 257.857 1451.8
238.198 257.153 1452.55
187.877 255.757 1452.13
139.004 256.479 1454.37
88.2205 253.362 1453.33
38.2236 253.075 1453.67
-11.7341 252.453 1454.95
-62.08 251.538 1455.16
338.898 224.176 1487.37
289.028 222.725 1487.05
239.269 222.086 1487.95
189.404 221.086 1488.51
139.649 220.368 1489.14
89.2786 218.65 1488.53
39.5358 218.138 1489.98
-10.7577 217.201 1490.13
-60.5898 216.234 1490.84
339.739 189.008 1522.88
290.354 188.205 1523.47
240.447 187.056 1523.68
190.305 186.317 1524.18
140.538 185.047 1524.78
90.9761 184.976 1526.12
40.7817 183.102 1525.46
-10.1212 182.122 1525.84
-59.8914 181.285 1527.04
340.967 154.367 1558.61
291.492 153.16 1559.08
241.743 152.341 1560.1
191.755 151.074 1560.02
141.683 150.24 1560.75
91.4755 148.424 1560.93
41.2445 147.646 1561.32
-8.66138 146.948 1562.21
-59.1875 145.99 1562.51
