-16.3823 -76.2213 1411.14
29.7839 -47.2656 1404.36
73.9272 -21.2792 1401.01
117.54 3.47168 1399.1
160.956 27.8611 1396.77
204.705 52.0432 1395.54
248.03 76.584 1393.64
291.629 101.092 1392.17
334.825 125.517 1390.43
-30.342 -34.7666 1434.86
8.50275 -18.4379 1442.06
56.0403 13.4052 1432.04
99.6021 37.4142 1430.42
143.168 62.0212 1428.62
186.665 86.3768 1427.07
230.272 110.821 1425.5
273.702 135.419 1423.65
317.055 159.663 1422.23
-48.6299 -1.18866 1467.09
-5.50531 22.889 1465.53
37.4327 46.5507 1465.05
81.6062 72.0361 1461.94
125.218 96.2089 1460.35
169.004 120.854 1458.18
212.14 145.137 1457.11
255.799 169.551 1455.18
299.087 193.998 1453.7
-66.8011 33.1575 1498.33
-23.4278 57.1744 1497.04
20.1329 81.9976 1495.06
63.4719 106.291 1493.58
107.109 130.924 1491.69
150.643 155.073 1490.73
194.496 179.797 1488.1
237.697 203.958 1487.11
281.253 228.493 1484.98
-85.0753 67.0274 1530.47
-41.3846 91.8481 1528.52
1.92169 116.151 1526.59
45.6597 140.658 1524.94
89.2524 165.479 1523.13
132.183 188.777 1523.25
176.03 213.721 1520.83
219.929 238.638 1518.28
263.27 262.812 1516.86
-102.67 101.602 1561.83
-59.5612 125.988 1560.47
-15.8766 150.801 1557.83
27.7454 175.539 1556.43
71.2369 199.502 1555.14
114.675 223.79 1553.71
158.189 248.334 1552.16
201.734 272.924 1549.8
244.859 296.527 1550.07
