302.929 -169.87 1406.52
314.751 -120.495 1403.38
326.323 -71.3442 1400.16
338.168 -22.104 1396.98
349.908 27.3548 1393.5
361.401 77.1758 1390.1
378.18 123.51 1387.8
386.913 174.796 1383.88
397.978 223.769 1380.48
266.938 -159.562 1441.43
278.937 -109.866 1437.82
290.769 -60.7956 1434.65
302.535 -11.6217 1431.23
314.39 37.5773 1428.03
326.451 86.7534 1424.64
338.642 135.717 1421.51
349.838 185.407 1418.1
361.524 234.285 1414.79
231.454 -148.148 1474.99
243.281 -99.1534 1472
255.076 -50.0872 1468.6
266.836 -0.960815 1465.31
278.649 47.8679 1462.3
290.464 96.9602 1459.05
303.309 145.771 1456.03
312.143 196.42 1451.86
325.186 244.528 1449
195.86 -137.183 1508.97
207.804 -88.1357 1505.67
219.639 -39.2177 1502.43
231.1 9.57831 1499.08
243.144 58.713 1495.68
254.816 107.426 1492.93
267.185 156.26 1489.75
210.313 245.557 1463.29
288.752 254.963 1482.35
160.056 -126.36 1542.88
172.049 -77.2921 1539.61
183.737 -28.6323 1536.28
195.581 20.3321 1532.89
207.297 69.1766 1529.63
219.029 117.899 1526.56
231.275 166.679 1523.36
243.897 214.701 1520.47
252.401 265.04 1515.78
124.638 -115.232 1576.37
136.713 -66.417 1573.27
148.29 -17.4374 1569.67
159.871 31.3259 1566.3
171.409 79.9279 1562.9
183.127 128.754 1559.6
195.043 177.464 1556.49
207.257 225.753 1553.22
215.345 275.937 1548.26
