141.705 -68.2852 1406.55
145.733 -18.36 1403.82
150.086 31.1735 1400.55
153.881 80.711 1397.94
158.136 130.221 1395.37
162.149 180.025 1392.64
166.311 229.616 1390.06
170.141 278.743 1387.34
174.267 328.34 1384.63
104.522 -62.5983 1439.65
109.102 -12.1978 1437.59
112.915 37.0205 1434.26
117.042 86.5781 1431.86
121.03 135.711 1428.64
125.482 186.021 1426.44
129.12 234.967 1423.79
133.317 284.248 1420.68
137.23 333.872 1417.89
67.6171 -57.0803 1472.8
71.4643 -7.40698 1470.04
75.6484 42.0789 1467.27
79.8963 91.7847 1464.66
84.2936 141.74 1462.17
88.0508 190.967 1459.29
92.1387 240.357 1457.05
96.1767 289.436 1453.83
100.086 339.408 1451.51
30.1461 -51.3778 1505.64
34.2586 -2.22205 1502.74
38.2411 47.3944 1500.18
42.8087 97.2605 1497.69
46.7802 146.669 1494.94
50.8994 196.053 1492.3
54.9662 245.086 1489.49
59.007 294.939 1486.92
62.8996 344.217 1483.99
-7.65894 -45.9655 1538.97
-3.1629 3.14417 1535.87
1.22314 52.8743 1533.46
5.25128 102.095 1530.39
9.54108 151.801 1528.04
13.6266 200.714 1525
17.9921 250.369 1522.38
21.7014 299.755 1519.42
25.7966 349.453 1516.7
-44.4853 -40.7729 1571.23
-40.3049 8.47961 1568.65
-36.2715 57.2531 1565.75
-32.0526 107.207 1563.25
-27.8732 156.468 1560.68
-23.2731 206.169 1558.2
-19.1946 255.303 1555.2
-15.2114 305.067 1552.69
-11.2731 354.294 1549.33
