288.229 12.2704 1401.76
267.546 57.4603 1398.59
246.587 102.795 1395.8
225.688 147.942 1392.54
204.653 192.99 1390.01
183.931 238.561 1386.85
162.987 283.717 1384.08
142.158 328.737 1380.91
121.425 373.777 1378.11
254.663 -1.18451 1436.38
233.93 44.1714 1432.99
213.057 89.5308 1430.25
192.109 134.961 1427.04
171.317 179.952 1424.01
150.324 225.311 1421.3
129.519 270.46 1418.5
108.757 315.292 1415.17
87.8406 360.5 1412.57
221.181 -14.5202 1470.46
200.452 30.8043 1467.32
179.451 76.2434 1464.56
158.482 121.679 1461.77
137.578 166.91 1459.08
116.788 212.106 1455.72
95.9442 257.479 1452.99
75.1961 302.461 1449.83
54.4589 347.325 1446.89
187.338 -27.9634 1505.26
166.609 17.5141 1502.25
145.99 62.8015 1498.74
125.026 108.591 1496.42
104.347 153.862 1493.01
83.3636 199.002 1490.41
62.4915 244.184 1487.15
41.7738 289.601 1484.53
20.9557 334.77 1481.38
153.437 -41.3546 1539.59
132.989 3.80609 1536.23
111.932 49.5272 1533.64
91.308 94.9535 1530.33
70.547 140.559 1527.75
49.6581 185.748 1524.64
28.8828 231.159 1521.71
8.1423 276.251 1518.73
-12.6181 321.09 1515.3
119.759 -54.6497 1574.14
99.0315 -9.35516 1570.96
78.456 36.22 1568.11
57.6917 81.7537 1564.92
36.8433 127.19 1562.28
15.9679 172.809 1559.48
-4.84164 218.248 1556.39
-25.408 263.15 1552.99
-46.112 308.297 1549.92
