141.942 -67.2885 1407.44
145.852 -17.5871 1404.4
150.244 32.4092 1401.65
153.966 82.0461 1398.7
158.209 132.002 1396.33
162.125 181.379 1392.88
166.258 231.236 1390.32
170.266 281.02 1389.35
176.642 334.902 1404.57
104.592 -62.6559 1440.63
109.151 -12.6456 1438.08
112.937 37.2175 1434.67
117.007 87.2131 1432
120.914 136.761 1428.39
125.384 186.652 1426.09
129.134 236.395 1425.34
133.324 286.083 1422.55
136.845 334.724 1415.64
67.7176 -57.4374 1474.41
71.4807 -7.56152 1470.03
75.6984 42.1342 1468.31
79.8471 92.1542 1464.69
84.2518 142.006 1462.14
82.2221 179.225 1364.4
91.8206 240.898 1454.44
95.875 290.581 1452.63
99.7844 339.685 1449.13
30.3398 -52.3945 1506.72
34.3425 -2.56061 1503.72
38.3062 47.1132 1500.56
42.8216 96.9735 1496.65
46.7051 147.047 1494.93
50.7686 196.686 1492.23
54.6471 246.289 1488.37
58.7061 295.675 1485
62.609 345.035 1482.59
-7.31268 -47.3286 1537.92
-2.97913 2.4032 1533.62
1.35333 51.5217 1511.83
5.23145 102.399 1533.15
9.48615 152.132 1528.89
13.3884 201.65 1524.67
17.757 251.431 1522.75
21.4468 300.417 1517.84
25.5983 350.062 1515.94
-43.9175 -41.9293 1565.04
-40.0712 7.51929 1570.61
-36.4698 57.6644 1572.02
-32.1334 107.479 1566.18
-27.9794 156.87 1561.37
-23.561 207.272 1559.02
-19.4927 256.373 1555.04
-15.4581 305.888 1552.14
-11.5057 355.024 1548.64
