273.213 -169.326 1360.87
275.184 -119.263 1358.21
277.159 -69.2494 1355.99
279.186 -19.3969 1353.38
281.441 30.6543 1351.52
283.477 80.4562 1348.87
285.569 130.453 1346.87
287.481 180.025 1344.41
289.79 229.725 1341.68
222.772 -167.081 1360.16
224.889 -116.967 1357.81
227.142 -67.0506 1355.7
229.393 -16.8912 1353.75
231.602 32.9518 1350.96
233.764 82.8807 1348.94
235.756 132.585 1346.73
237.976 182.506 1344.59
239.917 232.019 1342.68
172.8 -164.787 1359.78
175.133 -114.869 1357.8
177.401 -64.9152 1355.57
179.627 -14.8454 1353.01
181.962 35.0986 1351.25
183.936 84.9329 1348.46
186.203 134.992 1346.93
188.05 184.488 1344
190.088 234.002 1340.12
123.026 -162.635 1360.09
125.244 -112.761 1357.32
127.29 -62.7006 1355.11
129.725 -12.6517 1353
131.832 37.1236 1350.39
134.34 87.1915 1348.28
136.092 136.941 1346
138.478 187.063 1344.51
140.506 236.823 1343.13
72.8471 -160.491 1359.34
75.0329 -110.48 1357.08
77.4236 -60.5652 1354.82
79.5425 -10.626 1352.59
81.9629 39.5261 1350.84
84.1829 89.4368 1348.64
86.6948 139.344 1345.93
56.2064 120.263 853.571
90.4506 238.576 1339
22.6761 -158.15 1358.64
24.9948 -108.271 1356.84
27.3414 -58.4673 1354.4
29.6641 -8.38678 1352.38
31.8082 41.6964 1350.79
34.4275 91.912 1351.41
36.179 141.385 1342.03
38.47 191.346 1341.86
40.5093 240.939 1339.29
