335.921 329.132 1380.81
285.874 328.015 1381.28
235.832 326.934 1381.73
185.739 325.888 1381.97
135.943 324.851 1382.48
86.0902 323.663 1382.82
36.0279 322.63 1383.33
-13.7669 321.69 1383.72
-63.5337 320.611 1383.88
337.068 294.122 1416.29
286.854 293.194 1417.03
236.973 292.27 1417.39
186.987 291.061 1417.71
136.984 290.095 1418.14
87.0877 289.124 1418.46
37.2754 287.958 1418.7
-12.8762 287.24 1419.39
-62.6075 285.114 1418.74
338.157 259.535 1452.27
287.999 258.345 1452.58
238.097 257.314 1453.05
188.126 256.014 1453.15
138.182 255.434 1453.87
88.1668 254.06 1453.82
38.1597 253.321 1454.42
-11.7844 252.148 1454.31
-61.8136 250.65 1454.62
339.198 224.568 1487.98
289.344 223.373 1488.21
239.189 222.471 1488.78
189.263 221.392 1489.07
139.376 220.285 1488.99
89.3302 219.425 1489.64
39.3612 217.87 1489.46
-10.8725 217.309 1489.91
-60.8408 215.937 1490.02
340.493 189.634 1523.85
290.326 188.586 1524.1
240.354 187.466 1524.5
190.374 186.353 1524.63
140.531 185.253 1524.72
90.5018 183.929 1524.85
40.381 183.015 1525.1
-9.73434 181.814 1525.27
-59.8658 181.069 1526
341.342 154.79 1559.71
291.393 153.636 1560.11
241.391 152.426 1560.33
191.258 151.295 1560.44
141.382 150.237 1560.75
91.3462 148.935 1560.78
41.3563 147.83 1561.04
-8.83627 146.649 1561.26
-58.8634 145.393 1561.2
