-151.619 136.873 1378.51
-107.12 115.156 1379.63
-62.3439 93.5883 1380.63
-17.2139 71.769 1381.58
27.1102 49.8306 1383.19
72.5386 28.1162 1384.28
117.482 6.57794 1384.96
162.537 -14.8242 1386.06
207.471 -36.6209 1387.48
-136.529 170.001 1412.18
-91.7127 148.602 1413.38
-47.1211 126.767 1414.35
-2.24811 105.201 1415.23
42.3747 82.8992 1417.31
87.9197 61.8444 1417.42
132.85 40.1617 1418.64
177.95 18.1693 1419.81
222.777 -3.23059 1421.07
-121.566 203.47 1446.14
-76.7729 181.788 1447.01
-32.1686 160.365 1448.26
12.7766 138.372 1449.66
58.0195 116.962 1450.33
103.197 95.2496 1451.42
148.157 73.6712 1452.33
193.439 51.6507 1453.38
238.194 29.9201 1454.83
-106.427 236.796 1480.16
-61.5969 215.428 1480.89
-16.6311 193.692 1481.91
28.1133 172.231 1483.02
73.2522 150.38 1484.25
118.419 128.59 1485.4
163.62 106.733 1486.67
208.746 85.0903 1487.83
253.586 63.4079 1488.76
-91.3298 270.187 1514.01
-46.4492 248.763 1514.98
-1.67163 227.087 1516.43
43.4322 205.41 1517.4
88.564 183.782 1518.47
133.086 161.199 1521.05
179.026 140.273 1520.65
224.118 118.505 1521.55
269.004 96.8931 1522.35
-76.1745 303.616 1548.11
-31.0651 282.193 1549.05
13.9282 260.521 1550.08
58.7332 238.849 1551.55
103.769 216.797 1553.01
148.984 195.263 1554.06
194.294 173.677 1554.71
239.384 152.003 1555.25
284.309 130.21 1556.46
