-13.5298 -71.3636 1404.67
30.2742 -46.2152 1400.15
73.1789 -20.3374 1400.69
117.672 3.08518 1398.95
159.375 28.4197 1396.05
204.633 52.3437 1397.14
232.519 76.7359 1381.95
290.73 101.073 1391.24
337.902 126.112 1392.83
-31.4954 -36.1946 1436.06
12.0788 -10.3997 1434.43
56.1688 13.0016 1434.71
98.5471 38.1031 1429.92
142.99 62.2632 1430.43
65.921 81.4634 1324.51
231.198 111.242 1426.96
274.022 135.762 1424.09
317.232 159.908 1422.74
-49.4498 -1.01004 1468.03
-5.56647 22.6077 1463.69
37.4996 48.1451 1463.56
82.0884 71.9591 1464.06
128.204 96.778 1463.49
169.239 121.299 1460.28
212.704 145.397 1457.45
256.065 169.998 1456.24
299.539 194.356 1453.56
-68.3605 32.3865 1501.1
-23.6373 57.5424 1497.63
19.8465 81.9221 1496.46
63.9031 106.543 1494.21
107.157 131.039 1493.37
151.111 155.42 1490.61
194.124 179.843 1488.93
237.94 204.282 1486.72
280.89 228.385 1484.44
-85.5692 67.1839 1530.93
-48.0247 91.2426 1522.59
2.17889 116.071 1527.52
45.6641 140.697 1525.42
89.3215 165.269 1523.73
132.747 189.71 1521.48
176.5 214.469 1520.08
219.61 238.593 1517.83
263.057 262.908 1515.74
-93.2822 102.257 1575.16
-59.937 126.184 1560.62
-15.6635 150.757 1559.41
27.9778 175.224 1557.38
71.2204 199.593 1555.11
114.714 224.221 1553.17
158.134 248.547 1551.06
201.567 273.094 1549.36
245.273 297.22 1547.85
