288.36 12.2626 1401.47
267.468 57.4109 1398.37
246.933 102.772 1395.59
226.077 147.927 1392.59
205.343 193.388 1390.04
184.504 238.762 1387.14
163.673 284.085 1383.9
142.788 329.3 1381.42
122.25 374.557 1378.6
254.655 -1.11505 1435.47
233.85 44.277 1432.53
213.141 89.5452 1429.81
192.302 134.959 1426.67
171.914 180.207 1424.36
150.72 225.648 1421.31
130.226 271.017 1418.79
109.38 316.136 1416.27
88.4833 361.487 1413.44
221.367 -14.7061 1469.94
200.507 30.73 1466.85
179.242 76.2959 1464.15
158.724 121.85 1461.22
137.866 167.161 1458.34
117.322 212.576 1455.56
96.3142 257.894 1452.92
75.6873 303.243 1450.29
54.8278 348.221 1447.88
186.958 -27.5743 1503.43
166.886 17.4224 1501.21
146.085 62.6253 1498.64
124.887 108.534 1495.64
104.469 153.829 1492.99
83.4337 199.106 1490.84
62.7437 244.619 1487.44
41.8444 289.898 1485.15
20.9931 335.285 1482.02
155.795 -44.5365 1542.35
132.989 3.6167 1536.02
110.599 51.2883 1530.71
91.5135 94.9375 1530.28
70.4053 140.209 1528.07
49.7653 185.884 1524.7
29.153 231.068 1522.89
8.34076 276.373 1519.95
-12.4937 321.778 1517.37
120.138 -55.2747 1573.43
99.027 -8.96075 1569.53
78.3039 35.8624 1567.95
57.5491 81.6747 1564.81
36.6448 127.307 1562.41
15.7746 172.982 1558.89
-6.18857 220.032 1553.19
-29.5709 269.164 1543.87
-0.952209 246.328 1668.85
