304.294 -168.147 1410.33
315.318 -119.329 1406.24
326.204 -70.2836 1402.36
338.194 -22.2445 1399.44
349.136 26.3243 1395.69
360.911 74.6099 1392.55
372.194 123.117 1388.99
383.77 171.468 1385.46
395.326 219.974 1381.95
270.011 -159.292 1444.86
279.848 -108.659 1439.34
291.016 -60.0887 1435.8
302.924 -11.6789 1432.76
314.344 36.9203 1429.13
325.589 85.4404 1425.28
336.845 133.986 1421.91
348.391 182.363 1418.54
359.61 230.676 1415.22
233.555 -147.823 1477.04
244.518 -98.321 1472.75
255.66 -49.2388 1468.87
267.217 -0.781006 1465.3
278.63 47.7629 1462.05
289.924 96.2662 1458.56
301.528 144.799 1455.13
312.854 193.177 1451.92
324.654 241.675 1448.84
194.41 -132.229 1504.84
209.135 -88.0763 1506.26
220.514 -39.301 1502.4
231.608 9.97192 1498.58
242.931 58.558 1495.19
254.62 107.105 1491.71
265.955 155.559 1488.23
277.636 203.96 1485.19
288.912 252.327 1481.95
160.967 -124.866 1541.37
176.41 -81.8124 1544.48
183.847 -27.5439 1534.54
195.84 20.5596 1531.84
207.462 69.3814 1528.33
219.24 117.822 1525.3
230.797 166.364 1521.92
241.908 214.859 1518.44
253.432 263.407 1514.99
125.355 -114.384 1574.97
137.1 -66.0181 1571.6
147.532 -15.9579 1566.64
159.941 31.7426 1564.7
171.804 80.2984 1561.64
183.292 128.857 1558.35
194.849 177.327 1554.88
206.351 225.768 1551.9
217.902 274.154 1548.77
