335.172 329.232 1381.54
285.68 328.271 1381.98
235.576 327.309 1382.23
185.679 326.451 1382.79
135.876 325.224 1382.78
86.1838 324.431 1383.15
36.0708 323.4 1383.62
-13.7804 322.443 1383.71
-63.5789 321.17 1384.12
336.852 294.211 1417.59
286.518 293.607 1417.47
236.714 292.454 1417.92
186.88 291.161 1417.91
137.015 290.398 1418.23
87.1374 289.233 1418.84
37.3859 288.309 1419.26
-12.9365 287.413 1419.3
-62.5852 286.162 1420.09
337.588 259.627 1452.85
287.81 258.547 1453.27
237.997 257.412 1453.23
188.239 256.266 1454.15
138.033 255.392 1454.15
88.296 254.309 1454.5
38.1895 253.111 1454.44
-11.6313 252.015 1455.24
-61.655 250.866 1455.06
338.904 224.481 1488.27
288.968 223.418 1488.4
239.011 222.474 1489.32
189.057 221.409 1489.26
139.427 220.429 1489.68
89.3071 219.169 1489.71
39.5161 218.264 1490.13
-10.8363 216.924 1490.36
-60.6714 215.769 1490.7
339.919 189.522 1523.82
289.973 188.285 1524.84
240.039 187.217 1524.63
190.34 186.19 1525.4
140.394 185.175 1524.96
90.7802 183.897 1525.54
40.3739 182.892 1525.46
-9.57544 181.688 1526.47
-59.701 180.624 1526.04
340.88 154.61 1559.59
290.864 153.281 1560.18
241.317 152.267 1559.96
191.294 151.164 1560.34
141.405 150.016 1561.13
91.475 148.961 1561.19
41.5837 147.729 1561.38
-8.61401 146.349 1561.53
-58.5172 145.055 1562.26
