141.738 -67.9336 1407.39
145.831 -17.7448 1404.58
150.267 32.5974 1401.84
154.683 82.5927 1399.2
158.603 132.628 1396.53
162.679 182.362 1393.67
166.498 231.684 1390.86
170.311 281.169 1388.43
174.167 330.18 1385.76
104.656 -62.488 1440.56
109.078 -12.8109 1438.04
113.139 37.6047 1435.21
117.273 87.9001 1432.4
121.317 137.605 1429.62
125.534 186.957 1426.81
129.097 236.383 1423.89
133.096 285.564 1421.32
136.744 334.495 1418.36
67.6837 -57.4709 1474.15
71.731 -7.21066 1471.15
76.1955 42.8647 1468.64
81.2174 92.4585 1465.45
84.2921 142.158 1462.51
87.9261 191.593 1460
91.8201 240.859 1456.69
95.5853 289.813 1453.66
99.3307 338.579 1450.77
30.7049 -51.7924 1507.17
34.7484 -1.94174 1504.21
39.0275 48.0204 1501.39
43.8848 97.5645 1498.63
46.6206 147.621 1495.12
50.7432 196.55 1492.2
54.4452 245.583 1488.97
58.1622 294.052 1485.89
61.7025 342.448 1482.82
-6.42365 -45.9463 1539.77
-2.16119 3.59634 1537.01
2.21155 53.2473 1533.78
6.45447 102.979 1531.11
8.94281 152.719 1527.3
13.3767 201.458 1524.07
17.4727 249.922 1521.23
20.8961 298.432 1517.67
24.6161 346.767 1514.73
-42.8629 -40.205 1572.17
-38.7109 9.33679 1569.24
-35.0382 58.9026 1565.81
-30.7953 108.114 1562.73
-59.1163 170.106 1545.27
-23.4441 206.138 1556.07
-19.6612 254.68 1552.77
-16.041 302.881 1549.48
-12.488 351.074 1546.12
