286.401 7.20996 1399.71
266.638 54.3408 1396.96
246.224 100.593 1394.77
225.439 145.752 1391.86
204.866 191.596 1389.13
183.953 237.187 1387.01
163.179 281.381 1384.03
142.43 326.872 1381.38
121.667 371.637 1378.86
253.894 -4.6842 1434.83
233.779 41.694 1432.54
212.999 88.2595 1429.53
192.164 133.736 1426.99
171.506 179.542 1424.33
150.669 224.479 1421.36
129.815 269.163 1419.17
109.183 314.228 1416.23
88.2592 358.761 1413.3
220.839 -17.163 1469.95
200.478 29.6717 1467.71
179.513 75.3409 1464.29
158.871 121.432 1462.1
138.03 166.662 1459.02
117.248 212.107 1456.52
96.3782 256.387 1453.67
75.6198 301.273 1450.99
54.9747 346.257 1448.18
187.523 -28.9709 1504.87
166.814 17.1748 1502.09
145.841 62.9915 1499.15
125.028 108.549 1496.41
104.172 153.676 1493.48
83.6541 199.143 1490.73
62.8574 243.578 1488.06
42.0811 288.299 1485.06
21.3839 332.622 1482.18
153.71 -41.653 1539.51
132.856 4.23108 1536.64
112.364 50.3826 1534.07
91.2415 95.7781 1530.78
70.6083 141.049 1528.21
49.7272 186.239 1525.5
29.2918 230.68 1522.19
8.61316 275.319 1519.6
-11.9995 319.571 1516.05
120.082 -54.3425 1574.45
98.9241 -8.35547 1571.59
78.2012 37.3914 1568.94
57.5219 83.0798 1565.75
36.6367 128.008 1562.44
15.9356 173.092 1559.91
-4.4549 217.581 1557.14
-24.9084 262.423 1553.62
-45.5758 306.833 1550.83
