117.059 -245.549 1385.18
301.878 -131.016 1402.43
320.308 -79.3833 1400.23
334.03 -29.9514 1396.96
346.67 19.1401 1393.9
358.9 68.3319 1390.38
370.716 117.21 1387.08
382.565 166.766 1383.9
393.996 215.531 1380.45
257.859 -166.241 1439.56
274.716 -115.923 1436.87
288.618 -65.8265 1434.36
300.912 -16.8353 1431.38
312.735 31.944 1427.88
324.703 80.9684 1424.6
336.306 130.313 1421.59
347.63 178.596 1417.7
359.075 227.607 1414.75
229.991 -151.088 1474.58
242.729 -101.99 1471.7
254.854 -53.046 1468.62
266.521 -4.4021 1465.59
278.232 44.5355 1462.27
289.612 93.5366 1459.03
301.462 142.97 1455.82
312.484 190.821 1452.08
324.179 240.373 1449.25
196.306 -138.015 1508.72
208.16 -89.7469 1505.55
219.786 -40.9685 1502.33
231.507 7.96423 1499.38
243.144 57.2549 1496.42
254.581 106.042 1493.25
265.997 154.735 1489.9
277.487 203.187 1486.46
288.777 252.227 1483.27
161.122 -125.793 1542.61
172.873 -77.5006 1539.39
184.475 -28.8582 1536.29
195.931 20.1934 1533.23
207.66 68.884 1529.88
218.947 117.78 1526.97
230.691 166.612 1523.62
241.88 215.021 1520.33
253.136 264.36 1517.11
125.439 -114.178 1576.24
137.137 -65.4318 1573.49
148.585 -16.7758 1570.1
160.306 31.9348 1567.1
171.932 80.6517 1563.83
183.37 129.468 1560.71
194.779 178.123 1557.47
206.062 227.166 1554.32
217.543 275.79 1550.85
