272.985 -168.702 1360.23
275.104 -118.979 1358.17
277.176 -69.2545 1356.08
279.33 -19.4099 1354.06
280.446 30.3668 1353.32
283.504 80.3434 1349.5
285.609 130.249 1347.57
287.714 180.47 1345.01
290.059 230.211 1342.58
222.772 -166.541 1360.41
224.942 -116.852 1358.23
227.19 -67.0146 1356.04
229.567 -17.3327 1353.6
230.82 32.4139 1352.13
233.713 82.5174 1349.41
235.781 132.526 1346.97
238.023 182.568 1344.83
239.914 232.368 1342.4
172.878 -164.244 1360.15
175.168 -114.643 1357.96
177.417 -65.2443 1355.87
179.672 -15.0219 1353.52
182.108 34.5701 1351.26
184.006 84.8591 1348.95
186.197 134.531 1346.87
188.074 184.512 1344.17
190.357 234.392 1342.01
123.112 -161.978 1359.8
125.325 -112.514 1357.53
127.322 -62.7164 1355.46
129.523 -12.9243 1353.15
132.272 36.8956 1350.3
134.629 86.5808 1348.63
136.113 136.865 1346.04
138.487 186.791 1344.28
140.327 237.043 1341.84
73.1072 -159.779 1359.73
75.1868 -110.252 1357.73
77.4089 -60.6668 1355.41
79.5459 -10.6559 1353.28
84.2566 38.7726 1348.9
84.4996 88.92 1347.9
86.9379 138.743 1345.82
88.555 188.929 1343.34
90.6447 238.814 1341.32
23.0239 -157.598 1360.02
25.1072 -108.179 1357.67
27.4585 -58.3933 1355.14
29.2584 -8.57355 1353.33
33.7566 41.2006 1348.55
35.1948 90.8658 1347.24
36.4795 141.445 1345.62
38.657 191.23 1343.36
40.6606 240.876 1340.74
