423.401 174.858 1372.9
379.747 198.62 1371.02
336.091 222.943 1370.65
292.263 246.735 1369.2
248.54 270.644 1368.3
204.801 294.645 1366.79
159.276 315.4 1351.89
117.39 342.234 1364.08
73.5124 365.927 1361.72
407.166 146.843 1410.54
363.075 170.748 1409.61
319.51 194.379 1407.51
275.75 218.83 1407.2
232.058 242.531 1405.38
188.388 266.861 1405.19
145.821 293.044 1414.57
100.835 314.469 1401.39
57.1143 338.239 1400.49
390.596 118.654 1448.66
346.742 142.732 1447.13
302.955 166.668 1445.99
259.42 190.588 1444.53
215.553 214.821 1444
171.855 238.672 1442.62
125.778 258.088 1415.18
84.3625 286.521 1438.75
40.5202 310.323 1436.84
374.273 90.4697 1486.38
330.441 114.491 1485.32
286.556 138.569 1483.5
242.753 162.482 1482.43
199.091 186.572 1481.07
155.465 210.69 1480.08
111.585 234.519 1476.84
67.9446 258.925 1476.66
23.9378 282.787 1475.77
357.775 62.3461 1524.04
313.919 86.1686 1522.61
270.153 110.441 1521.44
226.647 134.698 1520.62
182.688 158.593 1519.15
139.078 182.623 1517.69
95.1462 206.754 1516.37
51.2818 230.767 1515.22
7.47626 254.923 1514.07
341.358 34.2344 1562.08
297.198 58.2549 1560.6
253.81 82.2441 1559.39
210.036 106.477 1558.37
166.342 130.571 1557.16
122.511 154.569 1555.74
78.6378 178.329 1550.34
34.8809 202.956 1553.85
-9.0871 226.899 1551.85
