421.23 168.835 1371.32
378.689 193.887 1370.61
335.376 219.597 1369.38
291.931 244.326 1368.37
248.376 268.792 1367.55
204.865 292.807 1366.88
161.033 316.284 1365.52
117.686 340.015 1364.78
73.9825 363.2 1363.12
405.431 140.68 1409.79
362.231 166.979 1408.6
319.413 192.39 1407.88
275.648 216.934 1406.96
232.137 241.878 1405.77
188.393 265.314 1404.59
144.831 289.073 1403.42
101.207 312.452 1402.53
57.5727 335.417 1400.81
389.499 113.432 1448.52
346.38 139.423 1447.23
302.959 164.765 1446.45
259.635 189.603 1445.66
215.591 213.958 1443.94
171.915 238.579 1442.99
128.271 261.735 1441.55
84.6451 285.427 1439.99
41.0162 308.25 1438.64
373.812 85.6715 1487.48
330.483 111.675 1486.39
286.843 137.113 1484.99
243.002 161.958 1483.74
199.279 186.598 1482.36
155.574 210.853 1481.13
111.863 234.419 1479.41
68.282 257.74 1478.12
24.3757 280.816 1476.24
357.836 57.7001 1526.21
314.352 84.0359 1524.85
270.598 109.261 1523.57
226.884 134.561 1522.03
182.796 159.027 1520.4
139.065 183.596 1519.05
95.1163 207.37 1517.39
51.3549 230.563 1515.64
7.84106 253.423 1514.24
341.979 29.7245 1565.49
297.91 55.8577 1563.7
254.312 81.7173 1562.04
210.349 106.74 1560.8
166.394 131.576 1559.09
122.371 155.999 1557.37
78.6661 179.971 1555.65
34.791 203.33 1553.92
-8.82794 225.959 1552.06
