189.867 -259.287 1414.34
220.44 -218.523 1411.6
250.927 -178.318 1408.55
281.314 -137.859 1405.29
311.924 -97.2505 1402.37
342.342 -56.5687 1399.47
372.545 -15.7043 1396.22
402.681 25.8592 1393.05
422.122 73.6616 1387.39
160.761 -234.13 1447.39
191.187 -193.698 1444.76
221.507 -153.229 1441.21
252.177 -113.042 1438.63
282.593 -72.4684 1435.53
313.053 -32.1052 1432.64
343.43 8.62024 1429.74
374.094 49.4752 1426.72
403.812 90.976 1423.58
131.703 -208.942 1480.04
162.096 -168.771 1477.3
192.7 -128.303 1474.78
222.742 -88.2929 1471.6
253.166 -47.8532 1468.45
283.504 -7.80939 1465.77
314.417 32.9911 1463.04
345.117 73.6213 1459.95
377.808 112.976 1457.55
102.402 -183.693 1512.65
133.091 -143.782 1510.07
163.532 -103.59 1507.17
193.495 -63.3177 1504.08
223.809 -23.2858 1501.37
254.355 16.759 1498.46
284.801 57.3112 1495.9
315.901 97.6883 1493.04
349.795 136.506 1491.04
73.4873 -158.769 1545.39
103.704 -118.726 1542.36
133.945 -78.7733 1539.37
164.453 -38.7668 1536.57
194.71 1.29498 1533.96
224.916 41.6066 1531.29
255.463 81.7303 1528.33
286.552 121.897 1525.88
320.2 160.856 1524.29
44.4036 -133.848 1577.35
74.6517 -94.0372 1574.59
104.985 -53.9462 1571.78
135.326 -13.8025 1568.83
165.279 25.9832 1566.22
195.729 66.2418 1563.53
226.022 106.079 1560.82
257.232 146.562 1558.28
290.122 185.369 1556.66
