304.393 -168.373 1408.87
315.739 -119.691 1405.48
327.189 -70.7839 1402.41
338.458 -22.382 1398.67
349.905 26.1735 1395.5
361.219 74.539 1391.69
372.633 123.115 1388.54
383.791 171.415 1384.72
395.169 219.922 1381.82
268.304 -157.65 1442.1
279.868 -108.726 1438.72
291.3 -60.2651 1435.51
302.674 -11.6459 1431.94
314.13 36.9337 1428.8
325.706 85.4436 1425.35
336.998 134.025 1422.22
348.266 182.331 1418.51
359.53 230.664 1415.4
232.551 -146.651 1475.22
244.135 -98.0103 1472.19
255.726 -49.2773 1468.89
267.099 -0.714294 1465.73
278.499 47.7698 1461.88
289.762 96.2708 1458.78
301.436 144.788 1455.24
312.493 193.054 1451.78
324.013 241.375 1448.42
196.675 -135.956 1508.37
208.384 -87.2953 1505.25
219.853 -38.8692 1502.02
231.413 10.0366 1498.53
243.028 58.5798 1495.76
254.3 107.066 1491.75
265.716 155.504 1488.51
277.156 203.736 1484.87
288.375 251.993 1481.24
161.051 -124.962 1542.06
172.736 -76.31 1538.71
184.299 -27.8629 1535.44
195.737 20.6066 1532.01
207.447 69.399 1528.72
218.672 117.669 1525.08
230.416 166.184 1521.65
241.55 214.637 1518.2
252.903 263.04 1515.06
125.407 -114.218 1575.68
137.16 -65.8568 1572.87
148.514 -17.0903 1568.74
160.216 31.7089 1565.88
171.854 80.3428 1562.72
183.182 128.807 1558.42
194.648 177.204 1555.47
205.898 225.367 1551.33
217.369 273.6 1547.66
