-151.81 136.091 1377.63
-106.671 114.194 1379.36
-62.1769 92.8381 1381.32
-17.2626 71.1837 1381.99
28.0896 49.7111 1383.35
83.162 27.3143 1374.03
117.269 6.16064 1385.57
162.727 -15.3193 1386.43
207.7 -37.0411 1387.23
-136.939 169.414 1412.74
-92.0698 148.111 1413.63
-46.9174 126.101 1414.55
-1.93823 104.662 1416.93
43.2109 82.8489 1416.8
88.2052 61.358 1418.06
132.978 39.5654 1419.39
178.87 17.9582 1419.03
223.466 -3.68781 1420.88
-121.602 203.011 1445.76
-76.8257 181.315 1447.73
-32.2053 160.286 1450
13.0748 137.899 1449.83
58.1667 116.3 1450.85
103.328 94.6899 1452.08
148.187 73.1763 1453.63
192.143 51.2881 1455.71
236.608 29.9244 1457.51
-106.77 236.698 1480.32
-61.6335 215.067 1481.39
-16.7089 193.258 1482.7
28.2688 172.059 1484.37
73.5023 149.844 1484.88
118.277 128.344 1486.23
163.417 106.643 1487.43
208.222 84.9624 1488.22
253.052 63.2048 1489.88
-91.573 270.307 1514.45
-46.6523 248.873 1515.45
-1.68628 227.338 1517.92
43.546 205.094 1517.86
88.579 183.568 1519.2
133.866 161.755 1519.83
178.549 140.15 1521.23
223.587 118.44 1522.34
268.721 96.9021 1523.39
-76.0654 303.552 1547.81
-30.9688 281.73 1548.31
13.9739 260.43 1550.39
58.7419 238.731 1551.51
103.761 216.96 1552.83
148.948 195.166 1553.92
194.036 173.501 1554.51
238.876 151.932 1556.27
284.098 130.179 1557.02
