287.6 11.1826 1399.76
267.272 57.8551 1397.03
246.536 103.917 1394.36
225.728 149.998 1391.37
205.121 195.354 1389.21
184.114 240.833 1386.7
163.243 285.886 1384.1
142.44 330.832 1381.49
121.524 374.826 1379.06
254.487 -2.39032 1435.49
234.011 44.5853 1432.29
213.111 90.8946 1429.08
192.238 136.185 1426.85
171.629 181.674 1424.38
150.734 227.002 1421.71
129.736 271.973 1418.8
109.037 316.437 1416.15
87.939 360.577 1413.44
221.142 -15.2274 1470.25
200.496 30.9026 1467.76
179.583 77.1209 1464.71
158.874 122.998 1461.72
138.038 168.177 1459
117.203 212.912 1456.42
96.1367 257.744 1453.44
75.2755 302.143 1450.63
54.4871 345.921 1447.94
188.204 -28.5484 1505.37
166.817 18.0009 1502.46
145.94 63.6005 1499.54
125.048 109.134 1496.31
104.219 154.656 1493.32
83.6289 199.452 1490.57
62.6056 243.89 1487.6
41.6283 287.828 1484.9
20.6211 331.497 1481.97
153.601 -41.4789 1539.79
132.823 4.74347 1536.7
112.479 50.5684 1533.72
91.4388 96.041 1530.59
70.6924 141.046 1527.75
49.7569 185.785 1524.69
28.9599 229.978 1521.72
8.05225 273.956 1518.63
-12.9015 317.119 1515.84
120.388 -54.2142 1574.12
98.8171 -8.28979 1570.74
78.4488 37.3348 1568.16
57.8441 82.6672 1564.6
36.868 127.683 1561.61
15.9291 172.193 1558.37
-4.91174 216.196 1555.27
-25.5721 259.849 1552.11
-46.6093 302.628 1548.87
