-13.202 -69.2986 1403.81
30.186 -45.3431 1402.3
73.8052 -20.9153 1400.45
112.224 10.9839 1390.36
160.963 27.7724 1397.09
204.701 52.1666 1395.41
247.913 76.6581 1393.47
291.122 101.161 1391.75
334.947 125.469 1390.44
-31.2114 -35.5599 1435.76
12.309 -11.5939 1434.23
55.9846 13.0641 1432.09
98.144 39.5117 1428.15
143.404 61.9064 1428.46
187.123 86.3173 1427.39
230.471 110.924 1425.07
273.647 135.551 1423.27
317.011 159.732 1421.72
-49.259 -1.29382 1467.32
-5.7327 22.5609 1465.94
37.8917 46.9893 1464.43
67.5736 92.3444 1435.94
125.132 96.2836 1460.16
168.59 121.001 1458.29
212.377 145.144 1456.77
255.714 169.654 1454.79
299.129 194.02 1453.16
-67.5027 33.1245 1498.67
-23.7909 57.2855 1497.12
19.7213 81.7216 1495.43
64.9629 104.288 1496.54
106.821 130.853 1491.74
150.983 155.165 1490.45
194.274 179.797 1488
237.917 204.032 1486.26
281.062 228.451 1484.43
-85.5933 67.1439 1530.3
-41.9922 91.918 1528.37
1.52924 116.058 1527.16
44.237 142.462 1522.75
89.2941 165.025 1523.9
132.915 189.821 1521.69
176.528 214.078 1519.97
219.955 238.646 1517.59
263.321 262.861 1516.12
-103.599 101.747 1561.88
-59.984 126.13 1560.65
-16.5651 151.029 1557.96
20.3124 185.204 1541.02
71.2187 199.534 1555.4
114.684 224.016 1553.3
158.32 248.413 1551.22
201.626 272.734 1549.64
245.464 296.983 1547.76
