334.471 327.802 1379.83
285.267 327.386 1380.55
235.316 326.335 1381.34
185.884 326.24 1384.64
135.7 324.346 1380.94
86.2392 324.021 1383.36
36.1229 322.841 1382.91
-13.6944 322.182 1384
-63.5569 321.133 1384.34
336.14 293.36 1415.13
286.066 292.493 1416.62
236.433 291.723 1416.93
186.859 290.935 1418.01
136.662 289.407 1414.72
87.0474 288.949 1417.39
37.3798 288.252 1419.01
-12.8774 287.092 1418.81
-62.6544 286.351 1419.99
336.95 258.688 1451.67
287.359 257.846 1451.97
237.852 257.101 1452.82
187.942 255.782 1452.07
138.177 255.566 1455.84
88.1858 253.984 1452.69
38.1453 253.191 1453.6
-11.7339 252.453 1454.95
-61.8195 251.354 1455.19
338.632 224.227 1487.47
288.5 222.814 1487.27
238.758 222.151 1488.19
188.915 221.108 1488.78
139.38 220.313 1489.36
89.2325 219.183 1487.99
39.5144 218.154 1489.98
-10.9002 217.275 1490.14
-60.8563 216.352 1490.87
339.446 189.112 1522.95
289.923 188.365 1523.57
239.99 187.238 1523.77
190.331 186.305 1524.17
140.376 185.149 1524.77
90.9443 184.426 1526.72
40.3928 183.084 1525.71
-9.61627 182.061 1525.6
-59.8943 181.285 1527.04
340.674 154.518 1558.63
290.986 153.45 1559.08
241.538 152.478 1560.08
191.433 151.35 1559.92
141.61 150.343 1560.68
91.4692 148.975 1560.35
41.6498 148 1560.69
-8.60547 146.964 1562.15
-58.73 146.035 1562.19
