288.056 12.3734 1401.41
267.272 57.4561 1398.22
246.623 102.768 1395.37
225.946 147.861 1392.27
205.247 193.341 1389.71
184.518 238.91 1387.04
164.399 285.572 1385.09
142.147 328.684 1380.41
121.484 374.534 1378.23
254.483 -1.03387 1435.27
233.846 44.3609 1432.98
213.238 89.491 1429.77
192.611 134.932 1427.24
171.644 180.093 1424.05
151.261 226.064 1421.46
128.226 267.891 1415.7
108.954 315.945 1415.14
87.8096 361.073 1411.8
220.948 -14.4208 1470.13
200.374 30.8607 1467.51
179.924 76.0197 1464.56
159.022 121.768 1461.51
138.335 167.224 1459.03
117.425 212.761 1456.08
95.9573 256.667 1452.06
75.1556 302.96 1449.21
54.4552 348.024 1446.73
187.401 -27.8365 1504.66
166.929 17.3983 1502.02
145.875 62.6743 1498.68
125.43 108.142 1496.19
104.378 153.482 1493.02
83.6303 198.985 1490.29
62.6593 244.358 1487.24
41.652 289.724 1484.32
20.6725 334.879 1481.13
153.553 -41.1931 1539.28
132.886 3.75439 1535.99
112.596 49.3605 1533.63
91.4629 94.7706 1530.89
70.4363 139.709 1527.3
49.9525 185.91 1524.88
28.9146 231.591 1522.18
8.07642 276.704 1519.04
-13.2004 322.217 1516.5
120.045 -54.627 1573.43
99.1134 -9.40259 1570.91
78.4605 36.1293 1568.5
57.7512 81.4147 1565.6
36.4818 126.736 1562.2
16.0696 172.919 1560.09
-5.03015 218.584 1557.24
-25.9955 263.985 1554.26
-47.2137 309.266 1551.17
