192.099 -255.955 1415.45
221.993 -216.247 1412.55
252.513 -176.133 1409.93
282.546 -136.42 1407.02
312.86 -96.5291 1404.52
342.859 -56.6693 1401.61
372.909 -16.6746 1399.05
402.984 23.1672 1396.39
432.932 62.8503 1393.09
162.593 -231.499 1448.06
192.618 -191.509 1444.89
222.639 -151.611 1441.66
253.191 -111.756 1439.5
283.078 -72.0234 1436.42
313.279 -32.1151 1433.64
343.341 7.93488 1431.14
373.348 47.6417 1428
403.306 87.136 1425.18
133.143 -206.834 1479.95
163.3 -166.95 1476.95
193.404 -127.143 1474.18
223.456 -87.2431 1471.41
253.748 -47.1878 1468.94
283.814 -7.42896 1465.88
313.672 32.2104 1462.48
343.703 72.0754 1460.29
373.74 111.89 1457.23
103.342 -182.262 1511.94
133.906 -142.486 1509.1
164.202 -102.615 1506.69
194.088 -62.4716 1503.61
224.093 -22.7382 1500.33
254.494 17.028 1497.83
284.374 57.0045 1495.13
314.43 96.6962 1492.23
344.225 136.4 1489.23
74.1319 -157.71 1544.01
104.116 -118.033 1541.29
134.597 -77.896 1538.84
164.862 -38.2488 1536.29
195.052 1.75616 1533.33
224.905 41.7545 1529.95
254.963 81.4211 1527.09
284.895 121.038 1523.91
314.852 161.002 1521.21
44.7923 -133.295 1576.75
75.0849 -93.4319 1573.85
105.243 -53.5786 1571.13
135.52 -13.5601 1568.53
165.643 26.439 1565.23
195.61 66.2388 1562.05
225.646 105.875 1558.97
255.441 145.739 1556.23
285.23 185.567 1553.46
