424.468 175.481 1373.63
380.479 199.079 1372.1
336.519 223.273 1370.86
292.606 247.038 1369.58
248.698 270.804 1367.93
204.792 294.635 1366.81
161.029 318.791 1365.44
117.384 342.176 1363.58
73.481 365.966 1362.55
407.949 147.23 1411.42
363.908 171.246 1410.12
320.035 194.731 1408.24
276.047 219.068 1407.48
232.129 242.605 1405.75
188.245 266.681 1404.66
144.587 290.6 1403.13
100.677 314.198 1401.42
57.065 338.089 1400.25
391.441 119.03 1449.27
347.539 143.136 1447.93
303.536 167.015 1446.6
259.553 190.685 1445.07
215.679 214.924 1443.94
171.867 238.67 1442.31
128.101 262.835 1441.05
84.2998 286.474 1439.25
40.4794 310.376 1437.77
374.885 90.6772 1487.25
330.849 114.67 1485.47
286.936 138.757 1484.59
243.125 162.708 1482.77
199.411 186.808 1481.39
155.471 210.695 1480.08
111.65 234.717 1478.48
67.9013 258.937 1477.33
23.943 282.775 1475.63
358.157 62.4322 1525.04
314.279 86.2837 1523.25
270.398 110.541 1522.26
226.633 134.694 1520.73
182.82 158.68 1519.48
139.095 182.64 1517.78
95.1394 206.749 1516.39
51.3635 230.859 1515.14
7.3826 254.596 1513.1
341.771 34.302 1562.83
297.852 58.4022 1561.67
253.983 82.2969 1559.98
210.038 106.489 1558.88
166.163 130.492 1557.06
122.537 154.578 1555.67
78.5584 178.57 1554.09
34.6112 202.559 1552.66
-9.19077 226.663 1551.38
