303.212 -167.018 1409.23
314.851 -118.784 1405.73
326.298 -70.1014 1401.85
337.922 -21.9885 1398.65
349.237 26.5837 1395.46
360.969 74.7418 1392.09
372.696 123.108 1388.63
384.009 171.585 1385.86
395.546 219.928 1382.18
267.79 -157.039 1442.4
279.357 -108.186 1439.05
291.008 -60.0128 1435.55
302.32 -11.3697 1432.13
313.898 37.0574 1428.73
325.424 85.5916 1425.49
337.111 133.95 1421.99
348.5 182.429 1419.32
360.158 230.646 1415.56
232.192 -146.201 1475.68
243.733 -97.6337 1472
255.348 -48.9836 1468.74
267.009 -0.702087 1465.33
278.632 47.6766 1461.69
290.211 96.09 1458.64
301.656 144.737 1455.22
313.176 193.101 1452.41
324.594 241.536 1449.19
196.703 -135.959 1508.87
208.354 -87.2811 1505.06
219.783 -38.8024 1502.15
231.414 10.0395 1498.56
243.109 58.4944 1495.28
254.688 106.973 1491.76
266.042 155.557 1489.14
277.613 203.896 1485.8
288.861 252.302 1482.73
160.823 -124.692 1541.95
172.794 -76.4006 1538.12
184.526 -28.0943 1534.51
196.009 20.4244 1531.46
207.572 69.3097 1528.08
219.109 117.636 1525.05
230.343 166.231 1522.31
241.957 214.853 1519.02
253.276 263.324 1515.95
125.488 -114.344 1574.8
137.1 -65.8502 1571.63
148.621 -17.1917 1568.12
160.203 31.6543 1564.84
171.819 80.2893 1561.79
183.404 128.843 1558.3
194.772 177.273 1555.65
206.293 225.699 1552.12
217.578 273.877 1549.58
