272.622 -168.517 1361.98
274.621 -118.65 1359.17
276.688 -68.8721 1356.5
279.203 -19.2992 1354.56
280.759 30.8646 1351.38
283.569 80.4822 1349.3
285.832 130.475 1347.14
287.792 180.09 1344.68
289.938 229.784 1341.88
229.619 -176.435 1370.75
225.222 -117.172 1359.55
227.519 -67.2651 1356.99
228.976 -16.6362 1353.49
231.185 33.164 1351.21
233.297 82.968 1348.68
235.888 132.558 1346.57
238.103 182.478 1344.25
240.458 232.07 1342.09
169.955 -158.724 1356.22
161.609 -93.2935 1338.6
177.402 -64.8209 1356.31
179 -14.264 1352.78
181.411 35.3886 1350.67
183.615 85.0344 1348.3
185.885 134.93 1346.05
188.673 184.546 1344.13
190.726 234.402 1341.88
122.759 -161.437 1360.15
124.593 -110.811 1356.84
126.029 -60.121 1353.6
127.193 -9.17267 1349.65
131.565 37.3927 1350.34
133.898 87.4019 1347.83
136.186 136.915 1345.99
138.619 186.945 1343.64
140.708 236.628 1341.51
72.7516 -158.348 1359.27
74.8721 -108.935 1356.92
77.2775 -59.7208 1354.92
79.1693 -9.50891 1351.89
83.4882 36.827 1353.38
83.8978 89.6169 1347.57
86.2203 139.516 1345.34
88.6121 189.268 1343.43
90.9075 239.018 1341.05
22.9543 -156.069 1358.91
25.1771 -106.46 1356.74
27.4083 -57.531 1354.72
29.6669 -7.8736 1352.4
31.8081 41.5042 1350.13
34.6931 90.4958 1348.97
35.691 142.423 1344.12
38.7842 191.452 1343.36
40.985 241.353 1341.02
