157.454 -693.198 9.98974e-005
185.557 -686.83 -4.03523e-005
213.18 -682.548 -3.39746e-006
241.143 -676.474 -0.000129998
268.471 -674.328 4.8399e-005
296.444 -668.109 -9.26256e-005
323.858 -665.037 3.01003e-005
351.502 -659.467 -3.98159e-005
379.546 -653.37 -0.000212491
150.673 -602.75 -6.50883e-005
178.516 -598.056 -8.32677e-005
206.035 -594.724 -8.10623e-006
233.501 -592.189 0.000139296
261.671 -585.604 -5.84722e-005
289.083 -582.552 5.47171e-005
316.547 -578.317 8.86917e-005
344.098 -574.762 0.000149906
371.153 -571.821 0.000299633
143.668 -514.621 -0.000101268
171.067 -512.038 2.61068e-005
198.724 -508.192 5.56707e-005
226.772 -502.732 -4.48823e-005
253.957 -501.19 0.000171661
282.082 -494.198 -2.56896e-005
309.08 -493.605 0.000284016
337.152 -485.749 2.68817e-005
135.925 -430.02 0.000132978
164.079 -423.599 -5.14388e-005
191.732 -419.465 -1.17421e-005
219.349 -416.446 6.49095e-005
247.282 -410.528 -6.13332e-005
274.91 -407.691 2.02656e-005
302.432 -402.692 2.56896e-005
329.443 -402.484 0.00035125
129.179 -339.832 -5.04851e-005
156.879 -335.72 -3.05176e-005
184.571 -331.938 -1.44243e-005
212.2 -327.818 1.38283e-005
239.495 -326.471 0.000237226
267.102 -322.638 0.000274539
295.264 -316.998 0.000113428
122.48 -249.911 -0.000209451
149.674 -248.138 -1.11461e-005
177.488 -243.426 -6.94394e-005
205.008 -240.644 4.47035e-005
232.061 -239.549 0.000330091
317.18 -217.375 -0.000473082
344.969 -211.517 -0.000586629
145.098 47.2905 -0.000160471
192.63 35.4995 -0.000173122
242.283 23.7528 -8.8051e-005
289.598 12.0948 -0.000111207
339.956 0.697266 8.03173e-006
386.04 -11.3669 -5.99176e-005
435.538 -22.8665 2.01613e-005
489.095 -33.0748 0.000301167
162.721 83.2841 -0.000128269
213.286 71.6415 3.68059e-006
259.696 59.5726 -7.39098e-005
308.862 47.9733 -1.79261e-005
354.666 35.7627 -0.000108063
405.627 24.3641 4.77284e-005
459.23 14.4144 0.00032869
508.042 2.74341 0.000384167
542.966 -11.8061 -0.0002027
183.552 119.508 4.0859e-005
227.224 106.678 -0.000172272
279.068 95.8379 3.22461e-005
325.815 83.4739 -3.05176e-005
375.895 71.9008 8.28356e-005
465.442 47.2035 -0.000192776
516.685 36.3431 -1.98334e-005
562.349 24.2859 -9.52631e-005
199.073 154.752 -5.05447e-005
247.043 142.945 -4.65363e-005
294.32 131.046 -6.95139e-005
340.896 118.38 -0.000126958
392.398 107.572 3.69847e-005
441.125 96.011 8.85725e-005
486.231 83.6051 -3.8892e-005
532.855 71.5631 -7.84248e-005
581.792 60.3256 -5.61774e-006
210.959 189.2 -0.000326112
367.96 156.91 0.000326708
412.873 144.059 0.000189468
456.934 131.373 1.51247e-005
508.618 120.316 0.000210091
549.801 107.237 -8.33124e-005
600.973 96.2872 8.95411e-005
285.113 215.121 0.000121757
385.531 192.706 0.000334427
428.368 179.507 0.000110164
479.58 168 0.000252679
524.252 155.523 0.000131235
572.26 143.838 0.00015305
618.067 131.77 8.38488e-005
60.2379 69.1892 0.000122786
71.0148 61.548 -2.43187e-005
81.7832 54.098 -1.78814e-005
92.5499 46.6574 -0.000118613
103.244 39.2704 3.02792e-005
113.967 32.2057 0.000156522
60.9892 108 -8.18372e-005
71.6307 100.728 0.000151217
82.4678 93.1291 -4.05312e-006
93.2025 85.899 0.000128388
103.96 78.223 -1.32322e-005
114.646 71.1656 0.00029552
136.209 55.8608 -0.000155032
147.016 48.3337 -0.000391006
61.6027 147.413 3.67761e-005
72.2971 139.98 0.000144601
83.1219 132.424 8.18372e-005
93.9223 124.718 8.76188e-005
104.621 117.507 0.000249624
115.366 110.067 0.000264823
137.005 94.6754 -0.000275254
147.665 87.3683 -0.000181973
62.2744 186.635 3.67165e-005
73.0249 179.107 0.000103116
83.8477 171.449 -9.62019e-005
94.6518 163.937 2.61068e-005
105.42 156.403 -8.55327e-005
116.157 148.707 -5.24521e-006
126.925 141.318 -7.01547e-005
137.673 133.907 -0.000102401
148.443 126.36 -0.000251889
62.9674 226.041 1.63317e-005
73.7775 218.24 -0.000190496
84.491 210.605 7.06911e-005
95.2848 203.288 4.3869e-005
116.833 188.228 6.89626e-005
127.603 180.593 0.000137568
138.358 173.031 1.72853e-005
149.03 165.853 0.00011903
63.688 264.988 -0.000101089
74.4646 257.684 -8.32677e-005
85.1785 250.278 0.000103354
95.9872 242.388 5.17368e-005
106.878 234.51 -0.000225663
117.516 227.77 0.000265062
128.321 220.017 0.000266552
139.023 212.362 0.000262201
149.765 204.883 0.000149369
41.4429 121.742 0.000167429
57.2357 121.181 -6.55055e-005
73.3911 121.41 0.000290811
89.3569 121.153 0.000163257
105.414 121.187 0.000238955
121.327 120.805 0.000168264
153.209 120.356 1.78814e-006
168.97 119.549 -0.000421643
57.288 157.951 0.00013274
73.477 158.034 0.000141859
89.1838 157.356 -0.000178277
105.393 157.607 0.00021863
121.216 157.111 -2.08616e-005
137.423 157.463 0.000389278
169.091 156.333 -0.000101209
185.15 156.412 -6.58035e-005
73.3815 194.589 0.000132501
89.3306 194.187 5.90682e-005
105.354 194.073 6.68764e-005
121.202 193.708 1.62125e-005
137.402 193.909 0.000271738
153.333 193.65 0.000199676
184.958 192.387 -0.000231028
89.2809 230.917 5.63264e-005
105.342 230.839 0.000106215
121.231 230.257 -5.38826e-005
137.278 230.198 -3.56436e-005
153.196 229.866 -2.83122e-005
169.191 229.758 9.85861e-005
200.931 228.668 -9.56059e-005
217.102 228.783 -7.13468e-005
105.235 267.228 -4.22597e-005
121.214 266.974 -0.000161469
137.216 266.726 -6.24657e-005
153.205 266.661 0.000171781
169.214 266.382 4.78625e-005
185.089 265.997 1.88947e-005
201.121 265.733 1.07288e-005
217.168 265.599 2.43187e-005
233.193 265.41 9.0003e-005
121.249 303.761 -1.90735e-005
137.329 303.47 -0.000140429
153.182 303.218 -7.70688e-005
169.225 303.083 5.23925e-005
185.191 302.849 9.7692e-005
201.163 302.547 3.89218e-005
233.318 302.415 0.000305891
249.197 301.774 4.21405e-005
818.341 189.576 -1.0401e-005
866.138 190.641 4.69089e-005
965.434 191.673 -0.000229537
1009.09 193.413 0.000321299
1059.64 193.849 9.25064e-005
1106.51 194.966 0.000294566
1155.13 195.79 0.000258744
760.885 218.368 6.634e-005
809.218 219.096 8.2016e-005
855.938 220.241 0.000254214
955.861 221.159 -6.58631e-005
1001.53 222.569 0.000238478
1051.69 223.135 6.65784e-005
1098.37 224.327 0.000271916
655.959 245.958 4.48823e-005
704.293 246.703 4.43459e-005
751.393 247.713 0.000177562
802.412 248.023 -0.000144184
899.673 249.555 -0.00016588
947.199 250.613 -2.92063e-005
993.633 251.895 0.000211775
1042.7 252.68 0.000145078
597.968 274.486 0.00015673
648.128 275.119 -6.9499e-005
695.278 276.146 9.63807e-005
743.379 277.099 0.000112593
791.079 277.978 0.000178933
888.624 279.606 7.99894e-005
938.078 280.289 4.32134e-005
985.927 281.291 0.000116497
541.818 303.017 6.15716e-005
589.397 303.906 0.000147015
638.416 304.674 6.45816e-005
686.649 305.5 6.63102e-005
734.889 306.491 6.11544e-005
779.678 308.082 0.000427544
831.857 308.266 4.88758e-005
881.528 308.84 -7.56383e-005
928.196 310.181 0.000176221
484.59 331.517 0.000119925
532.829 332.402 0.000101864
579.672 333.555 0.000218272
629.589 334.132 6.10054e-005
677.299 335.169 0.000121295
727.719 335.717 -0.000123352
776.255 336.522 -0.000142902
822.982 337.945 5.76973e-005
872.435 338.571 -1.72853e-005
105.643 173.255 7.85291e-005
138.141 164.268 4.45545e-005
171.19 155.371 0.000122726
203.77 146.353 0.000106603
367.137 101.668 0.000122309
101.265 201.545 0.000143915
133.92 192.314 4.39584e-005
166.533 183.049 -5.84424e-005
199.547 174.51 0.000147074
232.032 165.384 7.11083e-005
264.799 156.428 8.85427e-005
297.569 147.697 0.000129342
330.108 138.51 6.18398e-005
362.569 129.585 7.55489e-005
96.9257 229.268 4.53293e-005
129.635 220.15 1.12355e-005
162.307 211.224 2.64943e-005
194.985 202.298 2.41399e-005
227.894 193.555 0.000105858
260.495 184.415 5.83529e-005
292.895 175.055 -8.00788e-005
325.607 166.582 4.16934e-005
358.213 157.443 -1.56462e-005
92.3555 257.12 -7.78139e-005
125.277 248.069 -4.97699e-006
158.124 239.383 0.000108719
190.766 230.236 -8.01682e-006
223.301 220.941 -0.000107944
256.158 212.174 1.26064e-005
288.772 203.325 -8.34465e-006
321.358 194.309 -1.76728e-005
353.787 185.262 -8.70526e-005
120.689 276.085 -7.05719e-005
153.741 267.321 3.51965e-005
186.469 258.547 0.000137299
219.248 249.449 0.000104874
251.784 240.083 -6.6638e-005
284.367 231.104 -6.29127e-005
316.823 221.905 -0.000140756
349.478 213.043 -0.00014928
83.847 313.31 3.00109e-005
116.637 304.248 3.95477e-005
149.365 295.353 6.98864e-005
182.237 286.511 0.000124514
214.94 277.17 1.21891e-005
247.488 267.954 -7.87377e-005
280.023 258.809 -0.000122994
312.54 249.947 -0.000154436
139.558 112.202 6.39856e-005
172.205 100.196 0.000111699
204.052 87.7402 2.94149e-005
236.692 75.7518 7.42674e-005
268.354 63.3396 -3.16203e-005
301.153 51.5691 5.41806e-005
43.3275 181.82 -9.20892e-006
76.074 169.562 9.0301e-006
108.622 157.541 4.96805e-005
140.878 145.232 1.45137e-005
173.562 133.236 6.6489e-005
206.057 120.985 8.62777e-005
238.604 109.042 0.000115663
270.467 96.6859 4.54485e-005
302.884 84.803 8.08537e-005
44.6707 214.685 -8.75592e-005
77.6091 202.74 3.12924e-006
110.36 190.568 4.52101e-005
142.949 178.585 8.28803e-005
174.905 166.065 4.73857e-006
207.408 154.161 3.62694e-005
239.922 141.819 5.63562e-005
271.794 129.717 -1.2815e-006
304.213 117.57 2.864e-005
45.7679 247.643 -0.000173002
78.757 235.596 -7.84099e-005
111.303 223.554 -3.49581e-005
143.949 211.221 -3.43025e-005
177.095 199.483 0.000108659
208.793 186.871 -1.67191e-005
241.284 174.83 1.5974e-005
273.337 162.5 -1.27852e-005
47.7375 280.921 -0.0001311
80.4937 268.702 -8.06749e-005
113.101 256.601 -3.03686e-005
145.467 244.409 -2.69711e-005
178.369 232.207 3.39448e-005
210.237 219.922 -2.95341e-005
242.912 207.648 2.02656e-005
274.958 195.507 -2.85804e-005
307.463 183.567 1.30832e-005
49.4991 314.186 -9.85861e-005
82.6584 302.418 6.56843e-005
114.464 289.649 -7.58469e-005
147.745 277.786 5.92768e-005
180.62 265.731 0.000136822
212.102 252.881 -3.01898e-005
244.878 241.062 6.22571e-005
138.934 -608.673 4.6432e-005
163.876 -603.921 -4.57168e-005
188.398 -601.068 1.12355e-005
213.253 -596.54 -8.19266e-005
237.596 -595.365 7.36117e-005
262.509 -590.469 -4.0859e-005
287.114 -588.081 1.5229e-005
311.689 -583.688 -1.82986e-005
336.714 -578.708 -0.000172496
133.638 -530.215 -0.000109613
158.356 -526.855 -9.59635e-005
182.768 -525.102 -1.10269e-005
207.209 -523.529 0.000128388
232.247 -518.246 -1.60336e-005
256.667 -516.134 8.74996e-005
281.396 -512.589 4.32134e-005
306.088 -509.577 6.46114e-005
330.611 -506.496 8.85725e-005
128.145 -453.691 -0.000153273
152.44 -452.331 -1.00136e-005
176.984 -449.946 3.8594e-005
201.924 -445.576 -2.25008e-005
226.186 -444.986 0.000147313
251.269 -439.266 -2.31266e-005
275.509 -438.839 0.00020057
300.591 -432.19 -3.19481e-005
121.921 -380.563 5.22733e-005
146.866 -376.035 -7.41482e-005
171.458 -373.122 -2.39611e-005
196.06 -370.897 5.17666e-005
220.885 -366.127 -2.68817e-005
245.391 -364.324 8.11219e-005
270.323 -359.718 -2.68519e-005
294.712 -359.123 0.000179291
319.726 -355.96 0.000170738
116.661 -302.205 -0.000118017
140.974 -300.656 -1.93715e-005
165.716 -297.531 -1.41859e-005
190.392 -294.296 -5.36442e-007
214.903 -293.152 0.000147015
239.659 -289.601 0.000153124
264.523 -285.445 8.7887e-005
110.905 -226.069 -0.000146568
135.067 -225.22 4.76837e-005
160.098 -220.603 -5.19753e-005
184.66 -218.518 4.27961e-005
209.229 -217.215 0.000161529
283.897 -201.862 -0.000195473
129.102 40.9295 -0.000170305
171.894 30.5334 -0.000136375
215.851 20.1649 -7.00355e-005
258.154 9.73523 -6.78599e-005
302.71 -0.437988 2.81483e-005
343.461 -11.0698 -4.68493e-005
387.257 -21.2465 1.34408e-005
433.548 -31.4996 0.000176132
144.815 72.5099 -0.000110418
189.05 62.158 -4.26173e-005
231.104 51.5682 -4.77731e-005
274.999 41.2218 2.17855e-005
315.292 30.4208 -8.93772e-005
360.322 20.3232 3.43174e-005
406.515 10.2268 0.000186861
449.38 -0.00769043 0.000199288
482.897 -11.137 -0.00014703
162.282 104.117 -1.09226e-005
202.29 93.1291 -0.000110388
247.27 83.2841 -5.93066e-006
289.546 72.521 -4.24683e-006
333.665 62.1767 7.14362e-005
413.948 40.8741 -0.000121415
458.181 30.6506 -6.01411e-005
499.008 20.1287 -0.000107616
176.632 135.396 -2.58982e-005
219.353 125.05 -1.31726e-005
261.809 114.84 1.3411e-006
303.078 103.744 -5.85616e-005
347.71 93.4997 8.19564e-006
391.028 83.2654 5.88e-005
431.106 72.3309 -5.50151e-005
472.392 61.6742 -9.98676e-005
515 51.5321 -9.86457e-005
188.202 166.553 -0.000175983
228.69 155.708 -0.00025624
324.952 136.103 0.000218511
365.369 125.373 0.000132143
404.612 114.232 -1.71214e-005
449.434 104.647 7.4923e-005
486.669 92.95 -0.000138462
531.017 83.14 -6.61612e-005
251.799 188.293 8.53837e-005
378.66 156.717 4.81904e-005
423.8 146.676 0.000150427
462.84 135.737 -9.17912e-006
505.197 125.238 -9.80496e-006
545.229 114.453 -0.000122055
53.124 60.6981 7.4327e-005
62.7716 53.9247 -3.28422e-005
72.3805 47.2298 1.29938e-005
81.9982 40.4673 -4.22001e-005
91.6028 33.898 8.93474e-005
101.237 27.2536 0.00019455
120.663 13.9661 -0.000317633
130.26 7.49213 -2.8193e-005
53.6982 94.7025 -0.00011611
63.2484 88.2843 9.38177e-005
72.8711 81.4264 2.84314e-005
82.4536 74.8608 0.000181079
92.1451 68.1293 4.07696e-005
101.753 61.3019 0.000299454
121.144 48.1278 -0.000102937
130.882 41.385 -0.000329435
54.1488 129.232 -2.49147e-005
63.7127 122.644 9.69172e-005
73.2789 115.864 0.000141621
83.0112 109.028 0.000127971
92.6011 102.505 0.000281632
102.299 95.7799 0.000264943
121.785 82.2098 -0.00023675
131.331 75.7983 -0.000135064
54.6369 163.597 -2.77758e-005
64.1799 156.97 0.000103533
73.918 150.161 -8.07047e-005
83.4657 143.543 0.000126958
93.1913 136.806 -4.11272e-006
102.828 130.156 7.39098e-005
112.528 123.448 -1.72853e-006
122.219 116.821 -5.32866e-005
131.911 110.1 -0.000194907
55.1783 198.096 -7.06911e-005
64.7993 191.267 -0.000193179
74.319 184.63 0.000103295
84.0169 178.136 7.83801e-005
93.74 171.27 -0.000210881
103.374 164.505 9.78708e-005
113.082 157.924 0.000138879
122.737 151.192 3.83258e-005
132.45 144.829 4.62532e-005
55.7026 232.244 -0.000170708
65.3137 225.854 -0.000110328
74.8983 219.335 7.87377e-005
84.5222 212.636 9.14335e-005
94.3127 205.859 -0.000152826
103.895 199.239 0.000252604
36.8542 107.421 9.39369e-005
50.9716 107.162 -9.12547e-005
65.0456 107.203 0.000228822
79.169 107.014 0.000131249
93.2815 106.906 0.00020951
107.552 106.841 0.000168979
135.925 106.577 5.8651e-005
150.066 106.322 -0.000293016
50.4377 138.836 6.72936e-005
64.6195 138.876 8.4579e-005
78.7617 138.576 -0.00017345
92.9254 138.658 0.000184178
107.063 138.404 -6.85453e-006
121.286 138.483 0.000365376
149.739 138.175 -2.14577e-005
164.015 138.17 2.7895e-005
64.292 170.685 7.30753e-005
78.3589 170.401 2.11e-005
92.5061 170.358 4.14252e-005
106.636 170.184 1.56164e-005
120.728 170.11 0.000246525
135.024 170.042 0.000205755
163.481 169.685 -0.000127077
77.9949 202.286 1.26362e-005
92.1905 202.328 7.04527e-005
106.289 201.94 -5.44786e-005
120.474 201.969 -2.43783e-005
134.688 201.827 1.72853e-006
148.805 201.697 0.000127077
177.284 201.493 -8.9407e-007
191.692 201.495 4.02927e-005
91.7339 233.887 -6.80685e-005
105.928 233.808 -0.000156403
120.01 233.731 -5.81145e-005
134.336 233.815 0.000169873
148.502 233.713 7.52211e-005
162.716 233.519 7.09295e-005
177.032 233.471 8.35061e-005
191.232 233.46 0.00011003
205.599 233.435 0.000190139
105.609 265.673 -3.80278e-005
119.779 265.633 -0.000133336
133.94 265.528 -5.74589e-005
148.152 265.626 7.11679e-005
162.389 265.591 0.000129879
176.656 265.449 9.82285e-005
205.222 265.468 0.000367522
219.57 265.23 0.000161409
726.629 167.836 -8.41618e-005
770.373 168.743 -8.35061e-005
900.221 171.81 0.000158787
945.519 172.675 -5.00083e-005
988.295 173.783 0.000132561
1032.44 174.726 0.00010401
674.28 192.437 -4.39286e-005
718.068 193.353 -2.3216e-005
760.729 194.423 0.000104606
850.256 196.261 -0.000155866
892.748 197.253 0.000119925
937.681 198.211 -5.68628e-005
980.218 199.418 0.00013417
578.443 216.044 -3.25739e-005
622.224 216.998 -1.31726e-005
665.001 218.061 8.22842e-005
711.005 218.755 -0.000166893
798.257 220.975 -0.000218302
842.125 221.756 -0.00011903
884.384 223.046 8.90195e-005
929.065 223.916 4.57764e-005
525.223 240.738 0.000124723
570.664 241.487 -0.000117123
613.44 242.606 1.8537e-005
657.093 243.651 2.24113e-005
700.398 244.662 9.28342e-005
746.923 245.345 -0.000251532
788.626 246.687 9.0003e-006
833.382 247.534 -4.96507e-005
876.712 248.641 -1.13249e-005
473.694 265.363 6.3628e-005
516.766 266.375 0.000111282
561.154 267.295 2.31266e-005
605.057 268.254 6.55055e-005
648.64 269.385 2.80142e-005
690.225 270.565 0.000348806
736.751 271.26 -3.46899e-005
781.626 272.234 -5.60284e-005
823.955 273.535 9.62615e-005
421.208 289.96 0.000141144
464.757 291.009 8.94666e-005
507.382 292.224 0.000212908
552.423 293.039 4.92632e-005
595.871 294.128 0.000116915
640.845 295.196 -0.000100642
685.04 296.116 -8.52048e-005
727.994 297.244 3.71337e-005
772.676 298.171 3.99351e-006
92.7171 151.936 2.3365e-005
121.173 144.067 -3.36468e-005
150.117 136.301 3.84748e-005
178.617 128.44 -1.13249e-006
207.388 120.81 9.56059e-005
235.955 112.958 7.55191e-005
88.8251 176.643 6.66082e-005
117.465 168.603 1.51098e-005
146.111 160.535 1.96695e-006
174.923 153.025 6.80983e-005
203.415 145.061 3.01898e-005
232.161 137.228 7.61449e-005
260.86 129.606 0.000111967
289.433 121.545 8.13603e-005
317.825 113.786 8.16882e-005
84.9899 200.922 1.85966e-005
113.669 192.96 9.74536e-006
142.302 185.132 1.23084e-005
170.974 177.338 5.26011e-005
199.82 169.675 0.000127107
228.401 161.668 8.46535e-005
256.836 153.462 -2.3663e-005
285.512 146.03 8.90791e-005
314.106 138.02 4.15146e-005
80.9279 225.393 -1.8701e-005
138.572 209.733 7.01547e-005
167.237 201.801 5.96941e-005
195.826 193.663 2.71052e-005
224.579 185.938 6.8903e-005
253.227 178.155 7.9602e-005
281.797 170.236 6.13481e-005
310.209 162.314 -1.47521e-005
134.683 234.217 4.44353e-005
163.366 226.492 0.000112027
192.091 218.51 6.54459e-005
220.721 210.372 4.22299e-005
249.283 202.466 1.84476e-005
277.751 194.383 -5.83082e-005
306.473 186.542 -3.54946e-005
73.3129 274.54 5.48363e-005
102.092 266.499 2.30372e-005
130.787 258.681 4.14848e-005
159.602 250.919 8.20756e-005
188.294 242.895 0.000106916
216.875 234.799 4.75794e-005
245.44 226.73 4.82798e-006
274.008 218.9 -1.57654e-005
302.625 210.999 -1.80006e-005
36.1691 130.519 -8.15094e-006
64.7592 119.938 -3.22014e-005
94.0118 109.46 6.41048e-005
122.125 98.6765 -2.50489e-005
150.911 88.2243 2.83122e-007
178.937 77.4364 -0.000102356
207.869 66.8717 -4.76241e-005
37.2377 159.392 -3.53307e-005
66.0984 148.71 -4.1768e-005
94.8915 138.225 2.5183e-006
123.325 127.497 -5.04106e-005
152.305 116.965 1.73897e-005
180.807 106.364 -2.03699e-005
209.747 95.7391 3.74019e-005
237.817 84.9535 -5.3823e-005
266.483 74.4136 -3.33488e-005
38.5116 188.12 -6.67125e-005
67.4966 177.686 -2.29627e-005
96.4526 167.074 1.82688e-005
125.259 156.606 5.19007e-005
153.528 145.64 -1.57803e-005
182.33 135.142 2.39462e-005
210.868 124.406 -1.35154e-005
239.104 113.653 -6.44624e-005
267.653 103.001 -7.29114e-005
39.5229 216.952 -0.000115484
68.6241 206.435 -4.69685e-005
97.296 195.907 -3.70741e-005
126.232 185.146 -1.30236e-005
155.419 174.869 8.1256e-005
183.461 163.798 -3.12328e-005
212.211 153.159 -4.72367e-006
240.334 142.427 -8.85874e-005
41.2994 246.104 -4.69536e-005
70.2107 235.438 -1.34856e-005
98.8219 224.784 -3.80427e-005
127.487 214.18 -1.47074e-005
156.488 203.5 1.40667e-005
184.667 192.74 -4.39137e-005
213.367 182.012 -5.3212e-005
270.476 160.643 -7.71731e-005
42.7887 275.188 -2.20537e-005
71.7321 264.621 -7.45058e-006
100.147 253.802 -1.76281e-005
129.395 243.353 4.68642e-005
158.431 232.842 0.000111476
186.478 221.673 2.84463e-005
215.204 211.231 2.95192e-005
85.2621 -660.572 -5.80549e-005
122.852 -663.865 -5.83231e-005
160.374 -668.135 0
197.938 -671.084 -3.32594e-005
235.616 -674.523 -4.20213e-005
273.051 -678.126 -2.91467e-005
310.318 -683.276 0.000112712
348.233 -684.436 -7.99298e-005
385.817 -687.664 -0.000135064
78.3197 -566.96 7.06315e-005
115.943 -570.336 8.61287e-005
153.692 -574.043 6.04093e-005
191.122 -577.77 0.000119925
228.882 -580.328 2.15769e-005
266.224 -584.089 6.49393e-005
303.544 -587.761 9.4533e-005
341.437 -590.098 -2.23517e-005
378.774 -594.143 1.60933e-005
71.9696 -470.558 -1.55866e-005
109.3 -475.209 7.36415e-005
147.296 -477.026 -8.02279e-005
184.89 -480.891 -6.22571e-005
222.145 -484.798 -1.04904e-005
259.814 -487.923 -4.82202e-005
297.049 -492.527 5.51343e-005
334.731 -495.298 -1.62125e-005
65.0341 -376.373 9.9957e-005
102.76 -378.951 -5.69224e-006
140.613 -382.578 -2.70009e-005
178.547 -384.837 -0.00015229
215.625 -389.887 -2.01762e-005
290.449 -397.64 5.5939e-005
327.856 -401.465 7.93338e-005
365.43 -405.045 7.86185e-005
96.3625 -282.711 -6.99759e-005
133.895 -287.218 -3.78788e-005
171.535 -290.283 -6.97672e-005
208.906 -295.124 2.06232e-005
246.647 -297.936 -5.25117e-005
321.212 -306.563 9.62317e-005
358.85 -310.039 7.37309e-005
52.127 -184.166 -4.04716e-005
89.757 -187.471 -6.55651e-005
164.975 -194.446 -0.000138223
239.946 -202.699 -7.99e-005
277.464 -207.646 6.31809e-005
314.843 -210.503 6.67572e-006
351.935 -216.597 0.000225961
46.2891 78.5075 0.00012809
60.2209 69.5665 7.38502e-005
74.187 60.9413 9.50694e-005
88.1745 52.0526 -5.9098e-005
102.066 43.7204 -1.89543e-005
116.077 34.6736 -1.90735e-005
130.004 26.1134 -1.70469e-005
46.4013 119.891 0.000151634
60.4084 110.777 3.57628e-005
74.3534 102.13 9.86457e-005
88.3977 93.1995 -5.78165e-006
102.295 84.4686 -7.25389e-005
116.264 75.893 -3.42131e-005
130.161 67.2577 -2.14577e-006
46.5967 160.855 3.50773e-005
60.5594 151.91 1.3113e-006
74.5515 143.282 3.48687e-005
88.5415 134.615 6.30617e-005
102.461 126.063 0.000116646
116.446 117.051 -2.97427e-005
130.385 108.394 4.76241e-005
144.291 99.5584 -5.54025e-005
46.7483 202.473 4.36902e-005
60.7215 193.553 7.62343e-005
74.7078 184.334 -6.04093e-005
88.6927 175.843 0.000187397
102.674 166.723 6.71148e-005
116.583 158.288 0.000110626
130.569 149.382 -2.65241e-005
144.47 140.724 0.000131965
158.426 131.864 4.32134e-005
46.9935 243.798 -0.000117004
60.8923 234.648 -0.000170588
74.9279 226.045 -5.57899e-005
88.9113 216.908 -0.000102818
102.852 208.231 8.78274e-005
116.822 199.42 -4.70877e-006
130.782 190.594 3.12626e-005
144.681 181.831 8.9407e-006
47.1722 285.132 -0.000123411
61.1358 276.168 -0.000177413
75.0695 267.241 -3.42131e-005
89.0885 258.203 -6.44326e-005
103.027 249.584 5.29587e-005
117.03 240.812 0.000136673
131.028 231.887 0.000110924
144.911 222.854 -3.09348e-005
158.823 214.006 -6.07371e-005
51.4409 124.804 -2.83122e-005
70.2368 125.412 7.79033e-005
88.9955 126.126 4.36306e-005
107.665 126.597 -0.000104487
126.46 127.393 -6.66976e-005
145.141 127.885 1.87159e-005
47.9805 161.349 0.000100672
66.7936 161.994 0.000118911
85.3888 162.399 -0.000185192
104.313 163.281 0.000112653
122.962 163.774 -0.000136793
141.76 164.505 -7.80821e-006
160.356 164.954 -2.76566e-005
63.2605 198.537 8.98838e-005
82.0088 199.102 0.00014931
100.796 199.763 0.000119746
119.523 200.358 -3.49879e-005
138.309 201.004 0.000133932
156.943 201.477 2.44379e-006
175.653 202.045 0.000126958
194.239 202.434 -9.20296e-005
212.912 202.948 -0.000132143
78.5888 235.87 6.27041e-005
97.2851 236.205 -7.6592e-005
116.146 237.079 0.000117838
134.737 237.357 -9.17912e-006
153.397 237.859 6.67572e-005
172.161 238.516 5.6386e-005
190.811 238.918 1.98483e-005
209.54 239.535 0.000198662
228.221 239.961 4.97699e-005
93.9446 273.074 -2.04444e-005
112.571 273.42 -0.000180423
131.395 274.161 4.03523e-005
150.04 274.554 7.61151e-005
168.769 275.196 0.000138938
187.353 275.531 6.634e-005
206.11 276.068 9.98378e-005
224.825 276.662 0.000208199
109.162 310.18 -5.30481e-006
127.957 310.86 0.000101507
146.603 311.254 -1.18613e-005
165.427 311.955 0.000140965
184.047 312.232 2.15173e-005
202.666 312.71 0.000103176
221.386 313.167 3.65376e-005
240.129 313.72 2.28286e-005
258.848 314.299 0.000114381
802.398 199.865 2.39313e-005
857.059 200.995 4.49419e-005
911.754 202.106 6.98268e-005
966.964 203.096 5.62668e-005
1021.26 204.221 0.000101954
1076.01 205.296 7.67708e-005
1130.59 206.427 0.000126034
1185.12 207.468 0.000169247
1240.17 208.413 0.000126392
727.813 227.619 -4.90844e-005
782.02 228.853 7.73966e-005
836.729 229.87 0.000115454
891.68 230.939 8.08537e-005
946.34 232.014 0.000129193
1001.15 233.025 0.000149041
1056.09 234.037 0.000105113
1110.3 235.192 0.000268489
652.11 255.54 8.71122e-005
707.28 256.599 5.45084e-005
761.759 257.708 9.53376e-005
817.207 258.679 -1.01328e-005
871.101 259.813 0.000190347
926.943 260.722 3.44515e-005
981.207 261.829 0.000171274
1037.07 262.655 4.77433e-005
577.129 283.407 7.53999e-005
632.141 284.421 2.23815e-005
686.666 285.553 0.000115573
741.574 286.579 0.000105977
797.297 287.404 4.05312e-006
851.513 288.569 0.000124514
907.634 289.449 -0.000103205
962.457 290.434 4.1157e-005
501.496 311.352 0.000106931
556.79 312.344 9.29534e-005
611.513 313.439 9.85861e-005
666.872 314.38 4.26471e-005
722.155 315.297 -1.85072e-005
777.624 316.286 -0.000124544
832.822 317.249 -0.000105768
942.36 319.419 -6.4671e-006
426.369 339.274 0.000158191
481.1 340.371 0.000153214
536.285 341.388 9.65893e-005
591.869 342.323 3.18289e-005
646.687 343.351 3.02196e-005
702.368 344.284 -9.1821e-005
757.436 345.296 -0.000115544
171.336 -954.095 -0.000177026
201.739 -923.591 -9.18806e-005
232.147 -893.47 2.56896e-005
293.504 -830.898 5.67138e-005
323.845 -801.02 0.00021106
355 -768.491 0.000124127
385.8 -737.136 7.97808e-005
132.164 -899.359 -0.00010398
162.653 -868.702 -5.30779e-005
193.249 -838.066 -2.77162e-006
224.033 -806.75 -5.27799e-005
285.058 -745.563 0.000127316
315.971 -713.536 8.16286e-005
346.629 -682.985 0.000155479
377.377 -650.818 0.000111222
123.941 -813.113 -9.79304e-005
154.413 -782.665 -5.26607e-005
184.663 -752.649 2.85208e-005
215.634 -721.212 2.46167e-005
246.203 -690.727 4.10378e-005
277.109 -658.778 5.13494e-005
307.48 -628.604 0.000145525
338.602 -595.248 -1.99676e-006
369.203 -564.746 5.87106e-005
115.828 -726.695 -0.00013262
146.285 -695.893 -0.00011909
176.688 -665.325 -2.26796e-005
207.364 -634.186 -1.7643e-005
238.722 -601.773 -0.000229537
268.728 -573.453 2.16067e-005
299.822 -539.749 -7.30157e-005
330.058 -510.97 0.000146478
361.064 -478.427 0.000105023
107.332 -641.075 -5.26011e-005
137.53 -611.06 6.60121e-005
168.108 -580.01 6.18398e-005
198.718 -549.336 0.000138998
260.962 -484.915 -0.000157386
291.47 -455.064 -6.22571e-005
322.437 -422.017 -0.000120908
352.851 -391.783 -8.64267e-007
98.4585 -556.709 0.000163883
128.947 -525.389 0.000144809
159.882 -493.595 5.89192e-005
189.996 -463.711 0.000258088
283.307 -367.875 -2.66731e-005
313.937 -336.844 -7.39098e-006
344.811 -304.206 -0.00012818
48.5441 124.642 9.14037e-005
84.4159 123.953 0.000160217
102.287 123.713 7.76201e-005
120.082 123.152 8.00192e-005
137.944 122.647 3.01749e-005
155.612 122.068 -1.86116e-005
173.444 121.605 -6.1214e-005
46.423 160.244 1.96546e-005
64.5706 160.214 0.000126928
82.088 159.315 8.12262e-005
100.2 159.201 0.000127628
117.894 158.55 8.40425e-005
135.845 158.285 0.000115603
153.53 157.546 4.72665e-005
171.359 157.087 2.19494e-005
189.183 156.446 2.96682e-005
62.4625 196.019 2.03997e-005
80.0463 194.969 -5.1558e-006
98.2615 195.283 0.000135198
115.922 194.62 0.000107184
133.856 194.138 0.000133559
151.677 193.722 0.000160247
169.416 193.013 0.00010328
187.033 192.015 2.70456e-005
204.96 192.012 -2.49296e-005
78.3237 231.51 4.28408e-005
95.975 230.684 -5.7444e-005
113.955 230.441 9.6336e-005
131.518 229.39 -5.90086e-006
149.56 229.351 0.000143752
167.291 228.775 4.69834e-005
185.128 228.198 0.000135735
202.801 227.585 -3.75658e-005
220.862 227.311 8.3074e-005
111.819 266.151 -8.98093e-005
129.747 265.75 4.18872e-005
147.631 265.405 9.64254e-005
165.358 264.688 0.000131384
183.111 264.163 0.000131086
201.029 263.754 0.000142172
218.708 262.768 8.37892e-005
236.539 262.294 6.34938e-005
145.154 300.438 -0.000139043
181.07 299.863 5.51939e-005
198.899 299.377 0.000102386
216.584 298.59 8.97646e-005
234.634 298.548 0.000121489
252.324 297.477 7.93785e-005
858.49 195.53 -1.19805e-005
900.297 195.478 1.78814e-006
983.413 195.447 1.19209e-007
1024.64 195.408 8.22544e-005
1066.06 195.481 0.000131756
1107.95 195.351 0.00010708
1149.22 195.471 8.41022e-005
796.375 222.587 5.93066e-005
837.591 222.686 7.24792e-005
879.653 222.613 -5.33462e-005
921.125 222.536 2.28584e-005
962.099 222.719 7.31349e-005
1003.3 222.739 0.000134557
1045.67 222.564 0.000114679
1086.13 222.86 0.000186563
692.106 249.847 8.39531e-005
733.35 249.911 0.000107139
775.444 249.775 1.11163e-005
815.756 250.101 0.000138581
858.095 249.902 0.000114858
899.425 249.936 0.000121355
941.826 249.801 4.29153e-006
982.396 250.057 0.000116348
1024.93 249.855 -1.62125e-005
629.757 277.014 2.12491e-005
671.644 276.936 -1.75834e-005
712.117 277.199 0.000157744
754.364 277.031 7.35521e-005
795.458 277.072 0.000122547
837.716 276.997 1.11163e-005
878.937 277.015 7.90358e-005
921.015 277.062 -7.15256e-007
962.451 277.111 -1.33514e-005
567.413 304.186 3.49283e-005
650.216 304.345 4.3869e-005
690.736 304.566 0.000164628
733.671 304.199 1.3411e-006
774.498 304.4 1.51992e-005
817.158 304.201 -5.78463e-005
857.48 304.583 7.689e-005
900.536 304.237 -9.32217e-005
504.698 331.452 0.000113606
545.841 331.671 0.000119925
588.031 331.415 8.82149e-006
629.545 331.467 1.96099e-005
670.222 331.725 0.000113755
712.228 331.613 6.06179e-005
753.983 331.613 -4.76837e-006
259.093 27.0746 -0.000148743
282.168 35.8631 0.000106573
305.403 44.1381 -3.37362e-005
328.875 52.8916 -6.26445e-005
375.082 69.5649 9.68277e-005
398.581 78.1304 -0.000106752
421.854 86.459 -0.000197291
242.883 47.1247 9.9808e-005
266.086 55.5751 -5.71012e-005
289.469 63.9353 -5.55217e-005
312.808 73.037 0.000294149
336.125 80.9857 -0.000100195
359.418 89.5828 -0.000106394
382.623 98.0682 2.53916e-005
429.418 114.89 -0.00031963
250.193 75.2172 -0.000231028
273.425 84.0072 8.10623e-005
296.56 93.0602 0.00033462
319.972 100.877 6.15716e-005
343.307 109.375 -3.8147e-006
366.687 117.98 -9.08971e-006
389.93 126.658 0.00010407
257.326 103.854 -1.5229e-005
280.687 112.374 -6.54459e-005
303.966 120.892 4.26769e-005
327.256 129.743 9.5576e-005
350.669 137.894 7.83801e-006
373.86 146.464 6.52969e-005
397.232 155.023 7.53701e-005
420.421 163.31 -3.93391e-006
443.668 171.963 0.000214785
264.621 132.394 3.16799e-005
287.862 140.87 -6.35684e-005
334.59 157.874 7.61151e-005
357.908 166.511 0.000102401
381.331 174.834 -6.41346e-005
404.485 183.369 5.00977e-005
427.804 191.859 4.94719e-005
451.158 200.394 -3.18885e-005
272.05 160.589 -0.000120908
295.374 168.799 -0.00029847
318.672 177.793 -7.92742e-005
341.859 186.206 -4.32134e-005
365.183 194.765 4.37796e-005
388.579 203.269 3.89814e-005
411.894 211.556 -0.000151396
435.141 220.308 5.06938e-005
458.535 228.682 -8.26716e-005
171.872 -628.618 -8.44896e-005
196.939 -624.325 -0.00011003
221.804 -621.17 -9.77516e-006
247.135 -616.392 -6.6191e-005
272.006 -613.367 2.27392e-005
297.296 -608.556 -2.54512e-005
321.715 -607.233 0.000231355
347.005 -602.501 0.000190973
140.073 -555.975 4.37498e-005
165.24 -551.903 5.83529e-005
190.634 -546.643 -3.40939e-005
215.88 -542.438 -5.45382e-005
241.384 -536.691 -0.000178397
266.136 -534.386 -1.26064e-005
291.02 -530.84 2.98023e-005
316.109 -527.106 9.38475e-005
340.486 -525.211 0.000340939
134.191 -476.804 2.98023e-007
159.283 -473.035 2.01464e-005
184.774 -467.477 -9.4831e-005
209.985 -463.321 -0.00010249
235.197 -458.948 -0.000127554
260.205 -454.967 -8.83341e-005
285.259 -451.419 -2.26498e-005
310.017 -447.962 6.56843e-005
334.743 -445.536 0.000245869
128.031 -398.679 6.67572e-006
153.507 -393.732 -3.71337e-005
178.334 -389.885 -1.3113e-005
204.083 -384.009 -0.000164956
229.214 -379.722 -0.000152677
254.838 -374.302 -0.000281692
279.19 -372.282 -4.5985e-005
304.677 -367.514 -9.28938e-005
329.148 -364.777 8.83341e-005
120.999 -322.849 0.000248909
146.481 -317.351 0.000148773
172.298 -311.427 -8.61287e-006
196.999 -307.822 5.55217e-005
223.425 -300.453 -0.000225842
298.137 -289.962 2.72393e-005
323.206 -286.022 5.63264e-005
165.313 -235.31 0.000224948
190.137 -231.556 0.000286937
241.289 -220.807 0.000101388
267.565 -213.994 -0.000172615
292.235 -210.76 -2.55704e-005
316.914 -208.42 0.000147194
179.91 31.0624 -5.11184e-005
222.284 20.0104 -0.000148498
267.154 10.1725 -6.97747e-005
309.901 -0.660095 -0.000105776
355.08 -10.3788 -2.70233e-005
399.273 -20.7446 8.78423e-006
486.171 -41.9871 -3.8676e-005
152.913 74.3792 1.04085e-005
194.706 62.9344 -0.000110902
239.134 52.9114 -5.74067e-005
282.583 42.3689 -6.87316e-005
326.089 32.0223 -6.52447e-005
414.501 11.4851 -1.92299e-005
458.191 0.943481 -2.97204e-005
501.818 -9.21661 -1.11386e-005
168.471 106.682 3.50252e-005
211.803 96.3521 1.88425e-005
254.934 85.5192 -3.22089e-005
341.403 64.2801 -9.96664e-005
385.918 54.1068 -2.7366e-005
429.999 43.866 -3.31476e-005
473.456 33.5093 -2.68742e-005
517.596 23.4177 1.10045e-005
184.662 139.569 6.88359e-005
227.779 129.277 5.12227e-005
314.743 107.751 -3.62843e-006
357.709 96.91 -4.28781e-005
401.322 86.4879 -2.84836e-005
445.518 76.3443 -2.63825e-005
488.988 65.9172 -2.16812e-006
532.929 55.8373 5.14835e-006
242.395 160.227 -4.31314e-005
286.113 150.153 -1.91554e-005
330.236 140.006 -2.09361e-006
373.751 129.609 -2.57418e-005
417.335 119.206 -1.25989e-005
461.253 108.743 -1.74716e-005
504.538 98.5626 -9.6336e-006
548.164 88.1667 -6.66827e-006
215.188 203.32 1.11759e-007
258.415 193.052 2.30968e-007
302.697 183.019 3.10168e-005
346.71 172.842 3.9272e-005
390.108 162.509 2.90498e-005
433.259 151.37 9.16421e-007
476.442 141.124 -2.59802e-005
519.802 130.705 -2.96161e-005
563.579 120.556 -9.35048e-006
232.622 20.335 -7.25985e-005
250.832 27.1154 -8.58307e-005
268.817 33.9438 0.000220418
287.185 40.8974 0.000183046
305.279 47.5777 4.48823e-005
323.51 54.5286 -1.42455e-005
341.726 61.4773 0.000126779
247.432 49.7602 -6.59823e-005
265.535 56.5108 -0.000127494
283.716 63.5377 0.000366747
301.985 70.2571 -0.000128627
320.168 77.1438 -7.30753e-005
338.397 83.9684 2.27094e-005
356.559 90.9245 3.38554e-005
244.125 72.438 -0.000110507
262.19 79.325 -6.71744e-005
280.395 86.2085 0.000112057
298.622 93.0045 -9.65595e-005
316.886 99.8952 -9.95994e-005
335.027 106.674 -0.000164449
353.31 113.485 -0.000118792
371.459 120.418 3.73721e-005
240.907 95.3362 -1.10269e-005
258.973 102.06 -0.000160038
277.129 108.846 -0.000155747
295.225 115.695 -0.000161588
313.49 122.597 -8.80361e-005
331.755 129.488 -5.50747e-005
350.053 136.423 2.31266e-005
368.311 143.349 2.80738e-005
386.4 150.078 1.14441e-005
255.702 124.852 2.98023e-007
273.831 131.681 -7.34925e-005
291.993 138.636 6.6936e-005
310.204 145.459 2.86102e-005
328.446 152.344 7.7486e-007
365.014 166.13 4.76837e-007
383.2 172.889 -3.64184e-005
401.288 179.588 -0.000115216
270.57 154.505 6.53267e-005
288.792 161.39 -4.24981e-005
306.967 168.209 -5.23925e-005
325.144 175.179 8.7738e-005
343.397 182.105 0.000291109
361.679 189.035 0.00022763
379.92 195.789 4.56572e-005
398.044 202.409 -0.000116765
416.217 209.26 -3.5584e-005
146.289 36.4302 0.000110507
176.801 33.1291 2.45571e-005
207.202 29.5488 -0.000113428
237.391 26.651 4.28855e-005
267.684 23.3695 -3.52859e-005
297.979 20.3529 9.89437e-006
328.126 17.178 -2.98023e-005
141.405 60.7721 -4.5687e-005
171.547 57.624 3.71933e-005
201.953 54.3942 -6.94394e-006
232.168 51.3192 3.31104e-005
262.473 48.2269 6.55651e-005
292.825 44.9713 -1.54972e-006
322.894 41.99 7.06017e-005
75.7388 91.8212 1.84178e-005
105.677 88.7506 6.28829e-005
135.078 86.3903 0.000384301
166.454 82.2932 -1.59144e-005
196.669 79.1737 5.43594e-005
227.298 75.6823 -5.44786e-005
257.18 72.9484 6.48797e-005
287.599 69.612 3.01003e-005
317.724 66.6094 5.31673e-005
70.5383 116.305 -6.84261e-005
100.501 113.392 6.62804e-005
131.032 110.053 -5.01871e-005
161.127 107.038 1.19209e-006
191.604 103.738 -6.17206e-005
221.598 101.046 0.000140965
252.417 97.2414 -7.40886e-005
282.263 94.5532 8.83341e-005
312.729 91.1016 -1.62721e-005
64.8693 141.367 9.91523e-005
95.4542 138.039 2.08616e-006
125.663 134.722 -4.96507e-005
156.076 131.57 -3.12328e-005
186.576 128.342 -0.000108093
246.511 122.716 0.000194609
277.395 118.981 -2.53618e-005
307.434 115.993 5.49555e-005
59.9993 165.891 5.48363e-005
89.9829 162.979 9.63509e-005
120.753 159.19 -0.000148803
151.121 156.235 -0.000119925
181.123 153.305 3.26633e-005
211.251 150.311 0.000103295
241.541 147.248 0.000116974
272.085 143.647 -4.61936e-005
187.466 132.785 -7.23004e-005
216.896 124.626 -0.00010556
246.317 116.682 -2.22027e-005
275.695 108.637 -5.3376e-005
305.037 100.487 -8.11815e-005
334.423 92.5164 -3.26335e-005
124.415 174.68 7.50422e-005
153.767 166.41 3.65376e-005
183.333 158.248 1.12057e-005
212.611 150.176 1.87159e-005
242.051 142.014 -1.43051e-005
271.468 133.797 -7.04825e-005
300.843 125.846 -3.57628e-005
330.22 118.261 0.000124127
90.7339 207.933 9.4533e-005
120.142 199.559 1.82092e-005
149.582 191.747 8.36849e-005
178.956 183.373 7.92742e-006
208.467 175.267 -5.87404e-005
237.838 167.067 -7.87377e-005
267.195 159.462 2.99215e-005
296.609 151.267 2.06828e-005
326.088 143.371 6.9499e-005
86.2298 233.371 0.000107795
115.861 224.804 -1.91629e-005
145.354 216.65 -6.04093e-005
174.788 208.434 -8.37445e-005
204.208 200.694 -6.04987e-006
233.672 192.388 -5.29885e-005
263.105 184.47 -3.62992e-005
292.537 176.346 -1.8239e-005
321.786 168.542 -1.16229e-005
82.0507 258.684 0.000128001
111.37 250.329 4.06206e-005
141.126 242.157 1.0252e-005
170.558 234.094 2.01464e-005
200.096 225.747 -3.23057e-005
229.558 217.662 -5.88596e-005
258.911 209.866 -1.3411e-005
288.219 202.178 5.21243e-005
317.674 193.82 -3.31402e-005
77.8012 283.839 2.94149e-005
107.343 275.412 -8.19266e-005
136.791 267.379 -8.34465e-005
225.317 243.165 -6.38366e-005
254.666 235.031 -7.99e-005
284.245 227.461 5.74887e-005
313.527 218.905 -0.000117064
69.9851 123.608 0.000114664
98.9176 112.396 1.86265e-006
128.288 101.697 3.67761e-005
157.619 91.0214 1.96844e-005
186.966 80.1721 4.17084e-005
216.335 69.2379 4.45247e-005
274.978 47.8272 3.76254e-005
41.6768 164.472 0.000133157
71.2159 153.588 0.000118539
100.406 142.672 0.000109777
129.575 131.819 5.22435e-005
158.896 120.956 4.25726e-005
188.34 110.195 4.66704e-005
217.641 99.2448 3.7998e-005
276.41 77.8173 6.49244e-005
42.9048 194.425 0.000111759
72.0294 183.351 4.7788e-005
101.593 172.549 6.00368e-005
130.907 161.675 6.33597e-005
160.043 150.63 2.09659e-005
189.637 140.013 6.7398e-005
218.927 129.136 2.99364e-005
248.641 118.707 0.000107601
43.8744 224.356 0.000103906
73.0393 213.154 3.241e-005
102.653 202.665 7.92593e-005
132.052 191.602 3.63737e-005
161.574 180.787 6.0305e-005
190.819 169.829 2.95788e-005
220.65 159.549 0.000109896
249.97 148.737 0.000110328
279.261 138.178 0.000105903
44.8971 254.178 1.3411e-007
74.1473 242.942 -1.885e-005
132.927 221.294 -9.07481e-006
162.461 210.393 -2.81781e-005
191.993 199.808 1.70022e-005
221.624 189.462 5.92321e-005
251.152 178.643 6.75023e-005
280.533 168.06 7.18534e-005
75.3413 273.109 -1.15633e-005
104.627 262.148 -5.31822e-005
134.235 251.314 -5.35846e-005
163.961 240.661 -7.30157e-006
193.274 229.717 -3.32296e-005
223.018 219.427 4.67747e-005
252.177 208.477 6.51181e-006
281.824 198.315 9.84818e-005
147.331 -643.556 0.000290275
172.34 -635.833 0.000133306
197.199 -628.76 2.14279e-005
221.347 -625.454 0.000168592
246.765 -615.504 -0.000114501
271.115 -612.048 -1.96695e-005
295.622 -607.413 5.45084e-005
320.194 -601.057 1.61529e-005
345.137 -593.613 -0.000139773
165.119 -560.106 0.000382692
189.963 -553.872 0.000313461
215.87 -542.445 -7.57277e-005
240.392 -537.236 -4.6581e-005
265.133 -530.84 -0.000106126
289.465 -526.921 -2.16067e-005
314.076 -521.563 -4.08292e-006
338.42 -517.066 6.29127e-005
184.04 -472.665 0.000205368
209.968 -461.313 -0.000197738
234.297 -457.13 -0.000110358
258.834 -451.535 -0.000116199
283.382 -446.538 -7.56085e-005
307.573 -443.742 7.88867e-005
332.069 -438.407 0.000119299
129.333 -401.547 3.38852e-005
155.122 -391.486 -0.00028947
227.897 -377.782 -0.000102729
252.745 -371.813 -0.000152498
276.739 -368.564 2.97129e-005
301.462 -363.426 3.78788e-005
325.774 -358.647 0.000118554
123.905 -319.659 -0.000137597
148.307 -314.015 -0.000139803
172.337 -310.277 -2.02656e-005
197.691 -301.461 -0.000251144
246.345 -292.539 -0.000114173
270.888 -287.689 -6.81281e-005
295.07 -284.316 9.28938e-005
319.677 -278.819 8.47578e-005
117.664 -240.257 -0.000136822
141.998 -235.541 -7.03633e-005
165.893 -231.443 3.74615e-005
190.401 -226.125 4.83096e-005
214.709 -220.878 7.68304e-005
237.939 -221.343 0.000488251
265.61 -203.598 -0.000360459
288.513 -206.068 0.000195235
313.129 -200.622 0.000206739
136.601 40.6287 -7.24643e-005
183.27 31.2884 0.000198931
266.794 10.0235 2.19345e-005
308.857 -0.673828 -4.04567e-005
352.575 -10.7776 -3.09944e-006
395.312 -21.1606 -3.0458e-005
437.229 -31.5764 -8.43108e-005
480.782 -41.7556 -6.00368e-005
239.731 52.7482 7.93189e-005
281.501 42.1164 -1.11461e-005
324.954 31.8381 1.37389e-005
367.384 21.4045 -2.67625e-005
410.852 11.2751 -8.47876e-006
453.075 0.848267 -4.78029e-005
495.493 -9.47272 -8.07494e-005
169.84 106.032 0.000154912
210.455 95.0437 -1.57952e-006
254.194 84.9295 2.90275e-005
294.239 73.8946 -0.000160843
338.318 63.946 -8.90493e-005
382.812 53.6811 -1.82092e-005
426.108 43.5037 -8.61287e-006
468.171 33.0103 -5.84126e-005
511.263 22.7651 -5.37336e-005
184.968 138.322 0.000140592
225.469 127.434 7.689e-006
269.266 117.403 3.69698e-005
313.395 107.356 0.000102311
355.742 96.702 3.65973e-005
398.166 86.1456 -5.60284e-006
440.931 75.8216 -3.32594e-005
483.082 65.3591 -7.35074e-005
525.591 54.9876 -0.000102431
199.291 170.219 7.45505e-005
242.236 160.043 7.8246e-005
284.753 149.765 5.39124e-005
327.164 139.181 -2.30968e-006
368.636 128.545 -9.95696e-005
459.218 109.033 0.000167906
497.533 97.5334 -0.000110507
540.996 87.3469 -8.65161e-005
215.651 202.658 0.00014025
259.07 192.858 0.000163034
299.043 181.743 -1.04755e-005
343.802 171.808 6.52969e-005
385.986 161.421 2.48402e-005
514.685 130.233 8.40425e-006
556.978 119.912 -4.07398e-005
54.9562 62.1073 0.000163525
64.7286 55.3362 2.35438e-005
74.4206 48.5528 8.25226e-005
84.1746 41.8242 -1.97291e-005
93.8875 35.2155 6.97076e-005
103.653 28.4717 2.50638e-005
113.452 21.5539 -0.000117064
123.155 15.1062 -7.53701e-005
132.839 8.33707 -3.82364e-005
55.5031 97.1384 1.18017e-005
65.269 90.3565 -3.2872e-005
74.9744 83.7008 -7.86781e-006
84.7744 76.8115 -0.000114292
94.3658 70.275 9.89139e-005
104.225 63.5561 -6.40154e-005
113.878 56.9043 8.00192e-005
123.566 50.4504 0.000109375
133.331 43.7744 6.82175e-005
55.8868 132.346 6.51777e-005
65.6868 125.488 -2.8491e-005
75.5316 118.957 -9.44734e-005
85.2613 112.032 -4.72963e-005
95.0197 105.329 -9.69172e-005
104.719 98.5373 -3.15309e-005
114.478 92.015 -5.126e-005
124.166 85.3568 2.88188e-005
133.828 79.0053 6.60419e-005
66.1825 160.67 -5.21243e-005
75.8782 154.151 -1.39773e-005
85.7888 147.33 -0.000105351
95.4339 140.6 1.14739e-005
105.132 134.376 0.000118285
114.947 127.265 -1.06394e-005
124.637 120.914 8.97348e-005
134.434 114.046 -1.86265e-005
66.6136 196.346 -7.57277e-005
86.1669 182.666 -2.49445e-005
95.8849 176.44 4.8846e-005
105.707 169.279 -4.10974e-005
115.272 163.117 0.000248253
125.029 156.364 0.000191808
134.758 149.789 0.00024116
57.3114 238.446 -5.20051e-005
67.3651 230.977 -0.000322372
76.8788 225.089 -3.8296e-005
86.7111 218.058 -7.51913e-005
96.4579 211.549 3.81172e-005
106.341 204.389 -0.000147074
189.679 6.05063 -0.000162929
208.787 13.0495 -0.000112683
227.708 19.8283 -9.56655e-005
246.9 26.8419 4.95911e-005
265.929 33.679 -1.90735e-005
285.162 40.7456 0.000101358
323.101 54.5288 -5.73397e-005
342.313 61.6021 0.000165343
204.37 35.4171 -2.18749e-005
223.339 42.2218 -4.34816e-005
242.494 49.1978 5.45979e-005
261.484 55.9375 9.26256e-005
280.893 63.206 0.000268638
318.28 76.3565 -0.00036329
338.054 84.0021 0.00015384
356.911 90.7655 6.13928e-005
219.011 64.5945 -5.24521e-006
238.098 71.5317 -2.13981e-005
257.094 78.4187 -3.55542e-005
276.391 85.6962 0.000367492
314.271 99.0841 -7.94828e-005
333.296 105.957 -0.000148624
352.295 112.837 -0.000106722
371.612 119.885 -1.37091e-006
233.624 93.8408 -4.69685e-005
252.597 100.674 -0.000160873
271.601 107.445 -0.000243038
291.434 115.246 0.000507832
309.999 121.482 4.94719e-005
328.965 128.352 -3.40939e-005
348.162 135.346 -2.27094e-005
367.096 142.114 -8.6993e-005
386.129 149.07 8.88109e-006
248.44 123.174 -5.65648e-005
305.678 143.985 1.96695e-006
324.667 150.792 1.10269e-005
343.763 157.686 4.57764e-005
362.704 164.407 -0.000126481
381.898 171.483 -0.000116765
400.631 178 -0.000198334
263.149 152.399 -4.93824e-005
301.679 166.751 0.000498712
320.275 173.14 4.0561e-005
339.36 180.106 -4.04119e-005
358.486 187.057 2.11895e-005
377.488 193.844 -1.88947e-005
396.535 200.741 -0.000125349
415.54 207.539 -9.76026e-005
85.888 42.5059 -0.000190467
115.822 39.3366 -7.47442e-005
146.126 35.9499 -8.2165e-005
206.541 29.404 -3.99351e-006
236.844 26.1198 4.19021e-005
266.993 22.717 -3.0309e-005
297.086 19.4565 -5.84722e-005
327.303 16.4019 8.73208e-005
80.0115 67.1683 -2.13981e-005
110.019 63.9754 0.000100702
140.509 60.4067 1.78814e-006
201.18 53.6686 2.23815e-005
231.314 50.7886 0.000195056
261.673 47.1293 3.59416e-005
291.815 43.8254 -3.13222e-005
321.826 40.6461 3.99947e-005
74.4057 91.6049 -1.98483e-005
104.338 88.5016 0.000151068
134.551 85.3417 0.000218153
195.463 78.2272 1.80602e-005
225.791 74.8633 -5.02765e-005
255.991 71.66 7.04825e-005
286.217 68.2217 -1.43051e-006
316.338 64.9988 3.05474e-005
68.8109 115.935 -0.000102311
98.9846 112.727 4.73857e-006
129.196 109.454 2.02358e-005
189.824 102.724 -4.36604e-005
220.202 99.6551 0.00013715
250.578 95.9156 -5.91874e-005
280.796 92.5889 -1.15037e-005
310.857 89.2593 -5.56111e-005
63.0774 140.413 -5.07534e-005
93.5137 136.996 -0.000128895
123.495 134.026 3.66867e-005
184.279 127.507 0.000149101
214.807 123.908 1.06394e-005
245.013 120.598 5.63562e-005
275.414 116.889 -0.000102878
305.414 113.769 -1.77622e-005
57.604 164.878 -9.19998e-005
87.7192 161.904 4.22597e-005
118.316 158.008 -0.000234872
178.758 151.923 9.95994e-005
209.071 148.393 1.7792e-005
239.435 144.852 -3.26633e-005
269.474 141.668 6.4373e-006
299.829 138.237 4.11272e-005
160.245 141.459 -0.000122041
189.407 133.911 0.000257224
218.232 125.315 -3.46601e-005
247.391 117.313 9.91523e-005
276.128 108.955 -9.49502e-005
305.124 100.893 -6.6191e-005
334.172 92.8817 1.27256e-005
97.57 182.557 -0.000139296
184.839 158.523 0.000169903
213.893 150.467 0.000251204
242.745 141.895 1.81496e-005
271.652 133.468 -0.000131786
300.688 125.626 -2.75671e-005
329.577 117.672 4.05908e-005
92.913 207.337 -0.000103116
121.947 199.31 -3.16799e-005
180.39 183.828 0.000535041
209.151 174.644 -8.06153e-005
238.397 166.891 0.000121087
267.325 158.63 8.38041e-005
296.222 150.376 4.14252e-006
325.128 142.329 -1.10567e-005
88.3134 231.753 -0.000338465
117.369 223.952 -0.000101477
146.492 216.842 0.000475287
175.601 207.974 7.88867e-005
204.638 199.605 2.43187e-005
233.793 191.564 7.13468e-005
262.663 183.124 -8.46982e-005
291.783 175.21 1.79112e-005
320.675 167.044 -1.71661e-005
83.6835 256.823 -0.000184029
112.657 248.729 -0.000195354
141.781 241.384 0.000228792
170.824 232.353 -0.00020662
200.112 224.601 4.41372e-005
229.199 216.214 -2.49743e-005
258.369 208.224 7.03633e-005
287.336 200.128 8.13007e-005
316.151 191.681 -7.7635e-005
79.1554 281.888 -9.498e-005
108.147 274.342 0.000127524
137.163 266.158 0.000155389
195.407 249.077 -0.000142604
224.748 241.226 4.71473e-005
253.768 233.208 9.34303e-005
282.839 224.834 1.46329e-005
311.683 216.609 -6.86944e-005
70.2396 124.199 0.000118166
98.5516 112.903 -7.05123e-005
128.119 102.176 7.55787e-005
156.371 91.0235 -7.25687e-005
185.69 80.1545 1.60933e-006
214.363 69.0756 -6.47902e-005
243.23 57.9678 -8.27312e-005
272.163 46.8557 -0.000104547
71.3436 153.668 0.000126839
99.9543 142.613 4.39882e-005
129.525 131.772 0.000150949
158.297 120.6 9.00924e-005
186.704 109.318 -3.00407e-005
215.512 98.3641 -7.28369e-005
244.495 87.3728 -6.98566e-005
273.209 76.4935 -0.000104249
72.6674 183.369 0.000213295
101.216 172.016 6.06775e-005
130.085 160.872 3.14116e-005
159.129 149.974 3.15905e-005
187.855 138.935 -2.39611e-005
216.91 127.869 -2.58386e-005
245.835 117.038 -2.83122e-005
275.32 106.181 5.46873e-005
73.979 213.159 0.000309348
102.615 201.816 0.000202537
131.253 190.487 4.74155e-005
160.128 179.506 1.15037e-005
189.219 168.383 1.28746e-005
217.97 157.352 -3.32296e-005
247.341 146.559 4.1306e-005
276.194 135.718 2.69413e-005
44.4552 252.802 -8.64267e-005
102.423 230.728 -0.000138342
132.198 220.146 4.20213e-005
161.335 208.984 2.34246e-005
190.813 198.171 0.000112027
219.869 187.147 0.000110686
248.449 176.16 3.20077e-005
277.429 165.097 1.57058e-005
45.7528 282.676 -1.36197e-005
74.9012 271.645 1.83284e-005
132.977 249.474 -6.04987e-005
162.561 238.612 3.38852e-005
191.636 227.662 3.64184e-005
220.594 216.589 2.3663e-005
249.88 205.872 8.14199e-005
279.056 195.043 0.000122249
122.657 -531.712 8.89599e-005
143.915 -524.944 -0.000126719
164.447 -521.656 -0.000114918
185.285 -516.285 -0.000163317
205.71 -514.2 -5.08428e-005
246.625 -509.986 0.000189036
267.677 -502.672 -3.1352e-005
288.327 -498.595 -4.50611e-005
118.36 -463.223 -0.000141919
138.823 -460.334 -0.000100374
158.942 -459.262 0.000106454
179.616 -456.323 0.000153661
200.811 -449.709 -1.95801e-005
241.91 -443.741 0.000106126
262.755 -437.744 -6.61612e-006
283.487 -433.263 -5.5939e-005
113.053 -399.883 -2.72989e-005
133.255 -398.274 0.000118971
154.307 -393.102 5.72205e-006
174.811 -390.714 0.000112742
196.243 -381.51 -0.000134856
257.761 -373.582 4.80115e-005
278.299 -372.188 0.000207007
107.867 -336.014 4.97103e-005
128.786 -331.193 -3.3319e-005
149.747 -326.172 -9.97782e-005
169.924 -325.093 0.000164807
191.543 -316.026 -0.000233173
232.257 -313.886 0.000106335
253.007 -308.764 5.50151e-005
273.814 -303.486 -3.75807e-005
103.297 -269.104 -6.07967e-005
124.482 -263.258 -0.000220656
144.598 -262.608 0.00010407
165.057 -259.312 6.63996e-005
186.468 -251.292 -9.44734e-005
207.037 -247.884 -0.000137568
226.633 -253.529 0.000469953
248.053 -243.253 5.57303e-005
268.86 -239.23 3.05176e-005
98.7133 -202.37 -0.000169516
119.006 -200.403 -1.508e-005
139.546 -197.339 4.33028e-005
160.501 -193.053 7.13468e-005
180.93 -190.349 9.5129e-005
222.591 -180.342 -3.51369e-005
243.273 -177.947 4.08888e-005
264.087 -172.898 -4.40478e-005
116.086 33.6973 0.000157461
184.846 16.5549 -0.000151038
264.919 -0.290466 0.000303373
297.046 -9.57864 0.000116453
333.219 -18.0557 0.000122517
366.359 -26.9236 -1.63913e-007
402.848 -35.5278 2.70754e-005
166.658 52.8414 0.000125349
199.262 43.3864 -6.86944e-006
272.65 26.0898 7.22408e-005
310.25 17.5133 0.000145838
343.354 8.68518 1.54376e-005
379.021 -0.101318 5.26011e-006
414.111 -8.84729 -3.37958e-005
145.34 88.8759 0.000243843
172.268 77.9152 -0.000218824
212.939 70.7999 1.6287e-005
288.417 53.4926 0.00022085
320.946 44.4778 5.95897e-005
356.29 35.5397 2.22623e-005
391.121 26.7757 -2.19047e-005
426.83 18.0275 -3.74764e-005
193.092 107.016 0.000208914
222.543 96.6287 -0.000113383
263.173 89.0658 0.000143364
297.36 80.1188 5.30183e-005
332.5 71.1764 7.45058e-006
368.146 62.5611 -6.70552e-006
403.667 53.7008 -3.39746e-005
438.42 44.8659 -8.9407e-005
168.867 142.791 0.000181094
200.864 132.599 -2.08914e-005
238.89 124.822 0.000106275
271.535 115.432 -7.52658e-005
310.073 107.168 4.91142e-005
344.206 98.0814 -4.24683e-005
380.709 89.4227 -2.563e-006
414.707 80.4426 -0.000108451
450.346 71.6625 -0.00012131
178.004 168.757 2.53469e-005
215.241 160.724 9.87649e-005
247.993 151.424 -7.52956e-005
286.91 143.075 6.55949e-005
319.52 133.733 -0.000111774
359.306 125.509 8.98093e-005
393.045 116.402 -2.1413e-005
428.196 107.575 -5.7593e-005
462.832 98.657 -0.000130072
46.4981 51.6832 -0.000649124
70.053 34.6438 0.000385076
78.2861 29.0653 0.000288874
86.6019 23.3348 -6.23763e-005
94.755 17.8348 -1.96993e-005
102.93 12.2231 -0.000160754
111.085 6.53765 -7.76649e-005
55.0964 75.3326 -0.000859767
70.2196 64.3067 0.00095737
78.6841 58.1939 0.000294387
86.9671 52.6623 4.9293e-005
95.1499 47.1267 -7.28071e-005
103.291 41.4236 -2.64943e-005
111.524 35.7295 -0.000202149
46.66 110.584 8.65459e-005
71.0254 93.1969 3.61502e-005
79.2465 87.5495 -0.000123948
87.3543 81.9923 7.48336e-005
95.5677 76.4226 -5.26607e-005
103.722 70.8181 -0.000152022
111.897 65.0238 -0.00022912
47.4471 138.53 -0.000685245
55.1728 134.385 0.000139445
64.3261 127.06 -0.00160941
70.9075 123.365 0.00112188
79.6202 116.828 2.38419e-007
87.7184 111.498 0.000156075
95.8936 105.985 -8.43406e-006
104.154 100.089 -0.000128239
112.394 94.2822 -0.000259429
47.2358 169.78 0.000360519
55.8817 162.595 -0.000531793
63.5588 158.284 0.000334591
70.7915 152.778 0.00166491
79.978 146.509 -1.7792e-005
88.1371 141.01 -2.38717e-005
96.358 135.099 -9.36389e-005
104.575 129.415 -0.000119865
112.734 123.854 -0.0001311
47.3211 199.499 3.05176e-005
55.8767 192.894 -0.000281602
64.0924 187.012 -5.99325e-005
72.1758 181.718 -6.10948e-005
80.3713 176.134 -6.16312e-005
88.5983 170.237 -0.000173211
96.7492 164.707 -3.47197e-005
104.873 159.109 3.83556e-005
113.071 153.463 -5.71907e-005
31.5276 92.3481 -0.000228852
43.5685 92.4388 5.83827e-005
55.8134 92.3615 6.85155e-005
67.7652 91.9086 -1.18911e-005
79.8675 91.7413 -4.57764e-005
91.9209 91.4861 8.9407e-008
104.043 91.2789 -6.61314e-005
115.994 90.9813 9.04799e-005
128.189 90.9975 0.000134349
43.5558 119.384 -0.000572264
67.2866 119.309 0.000294745
79.5971 118.971 -4.24087e-005
91.582 118.672 -5.16772e-005
103.729 118.554 7.39992e-005
115.762 118.257 3.67761e-005
127.963 118.353 0.000264466
139.905 117.792 8.52644e-005
54.8216 146.421 -9.04799e-005
66.8291 146.635 0.00054419
79.309 146.892 0.000574708
91.2357 145.926 -5.78165e-006
103.534 146.02 0.000109196
115.487 145.509 -3.48687e-005
127.628 145.387 5.58496e-005
139.661 145.112 1.46925e-005
151.859 145.131 0.0001598
78.4261 173.57 0.000382096
90.9273 173.232 -3.0756e-005
103.252 173.697 0.000391811
115.14 172.699 -6.74427e-005
127.321 172.708 6.4075e-005
139.379 172.371 -3.20673e-005
151.447 172.085 2.86102e-006
163.633 171.988 2.46167e-005
79.1113 201.496 -3.3468e-005
114.757 200.18 0.000195056
127.034 200.024 2.17557e-005
139.095 199.742 1.35303e-005
151.273 199.595 6.54161e-005
163.387 199.369 4.04716e-005
175.435 199.041 -1.42455e-005
102.977 228.109 -0.000219941
126.487 227.064 -9.90629e-005
138.816 227.153 7.43568e-005
151.002 226.992 1.92821e-005
163.131 226.904 0.000138879
175.14 226.32 -5.1856e-005
187.358 226.364 6.05583e-005
583.455 142.692 -9.96143e-005
619.427 143.762 2.30223e-005
657.696 144.386 -8.31783e-005
695.01 145.09 -6.68317e-005
731.523 145.987 2.72691e-006
768.52 146.679 4.63277e-005
806.031 147.45 2.94894e-005
842.978 148.195 9.19253e-005
880.169 148.976 9.67979e-005
537.068 164.059 7.50124e-005
613.647 165.316 -0.000112697
649.719 166.306 3.42727e-007
687.372 166.876 -8.38935e-006
724.522 167.668 5.43892e-006
761.503 168.454 2.93106e-005
799.67 169.006 -1.03712e-005
836.002 170.013 5.74142e-005
530.847 185.66 9.58145e-006
567.289 186.697 7.26432e-005
605.07 187.162 3.47942e-005
643.08 187.82 -7.21216e-006
679.992 188.627 2.36779e-005
717.21 189.524 2.27541e-005
754.652 190.195 2.55853e-005
791.249 191.232 6.88881e-005
448.972 205.943 6.80983e-006
485.191 206.821 0.000107586
524.238 207.415 -6.36429e-005
561.477 207.986 -2.92212e-005
597.239 209.175 8.92133e-005
635.385 209.741 2.71052e-005
672.172 210.678 4.08441e-005
747.774 212.029 -9.43244e-006
441.5 227.824 2.40356e-005
478.598 228.486 5.18709e-005
515.741 229.338 5.50747e-005
553.673 230.024 -1.6287e-005
590.336 230.909 1.53333e-005
629.093 231.453 -9.0614e-005
665.589 232.486 -4.5836e-005
358.696 248.239 0.000122175
432.974 249.941 0.000117406
470.673 250.688 7.54446e-005
507.522 251.538 0.000113457
546.264 252.012 -2.01911e-005
583.725 252.748 -4.40776e-005
620.733 253.702 -3.14265e-005
657.947 254.478 -5.46873e-005
72.37 35.5998 0.000127107
98.2933 31.3527 -0.000424534
122.842 29.9937 -0.00023064
147.862 27.1405 -1.92821e-005
172.609 23.9402 -0.000466168
197.395 22.6159 0.000247121
247.416 15.8822 -0.000215143
67.8717 55.8881 -9.65595e-006
93.1907 53.2821 -0.000142276
117.554 51.5667 0.000401258
142.958 47.2735 -0.000300497
167.63 45.696 0.000216454
217.978 40.1642 0.000319123
242.925 36.8647 6.56843e-005
267.55 34.3506 0.000158221
63.2399 76.5 -4.24981e-005
88.7028 72.2718 -0.000365347
113.381 70.5121 -0.000237674
138.01 68.9048 0.000332654
188.119 63.2896 0.000252485
213.19 59.9425 0.000106633
237.974 57.5209 0.000180185
263.086 54.2749 3.15011e-005
57.44 97.6868 0.000267059
83.477 93.9559 -2.67029e-005
108.236 91.5355 9.04799e-005
133.554 88.4958 2.98917e-005
158.173 86.2827 0.000175089
183.506 82.9557 4.47035e-005
208.213 80.289 2.90573e-005
233.373 77.2774 -2.08318e-005
258.106 74.2713 -0.000108063
53.5109 117.051 -4.21703e-005
103.636 111.575 4.56274e-005
128.692 108.657 -3.29316e-005
153.702 105.948 -1.89841e-005
178.717 102.942 -0.000106514
203.75 100.396 -5.6535e-005
228.545 97.3965 -0.000128299
253.493 94.4713 -0.000169635
73.7854 134.591 -7.98702e-005
98.9237 132.107 6.82473e-005
123.979 129.208 3.32296e-005
148.905 126.2 -6.26445e-005
173.926 123.368 -0.000112802
198.87 120.436 -0.000160456
223.787 117.733 -0.000163585
248.643 115.098 -5.81145e-005
83.926 130.747 -5.06938e-005
107.952 123.874 -0.000147283
132.386 117.409 5.56409e-005
156.492 110.68 9.20892e-005
180.696 103.948 7.17938e-005
204.745 97.0326 4.58956e-006
229.333 90.8701 0.000353575
253.538 84.1531 0.000373781
79.908 151.74 4.89354e-005
104.055 144.72 -3.42131e-005
128.199 137.809 -8.9556e-005
152.627 131.365 0.000167251
176.668 124.65 8.443e-005
200.559 117.561 -0.000192761
225.134 111.034 8.80361e-005
75.9625 172.289 -2.11895e-005
100.199 166.517 0.000395477
124.361 158.764 -3.34978e-005
148.526 152.111 4.70281e-005
172.645 145.269 -0.00018543
196.835 138.218 -9.25958e-005
219.41 130.695 -0.000941366
242.912 123.421 -0.0011386
71.768 192.898 -9.90629e-005
96.1652 186.319 4.4018e-005
120.46 179.233 -8.03173e-005
144.641 172.84 0.000127077
169.044 167.022 0.000424564
192.339 158.688 -0.000524104
217.039 152.202 -9.30727e-005
265.324 139.262 9.2268e-005
68.1364 213.981 -2.26796e-005
92.0451 208.083 0.000316739
116.777 200.689 1.65701e-005
140.737 193.885 0.000156671
164.862 186.656 -0.000208259
189.539 181.115 0.000500619
238.328 167.316 0.000519603
262.499 160.229 0.000365406
64.0244 235.053 0.000114262
88.7286 228.59 0.000182122
112.6 221.306 7.95722e-005
137.112 214.589 2.16961e-005
161.114 207.714 8.66354e-005
184.765 200.485 -0.000290483
210.066 195.06 0.000523508
234.344 187.717 0.000320226
257.588 180.122 -0.000101179
33.8824 111.79 0.0001688
58.2374 102.975 0.00014326
82.9261 93.9649 0.000228584
106.001 84.4716 -4.67896e-006
129.012 75.3595 -0.000243068
180.766 57.8312 0.000370324
203.335 48.4166 9.10163e-005
226.049 39.0699 -0.000148207
35.9829 137.809 0.000487328
58.7432 127.421 0.000100255
82.9907 118.452 0.000101179
106.561 109.18 -5.52833e-005
131.055 100.077 7.15256e-006
177.943 81.7234 -0.00025636
205.32 73.3021 0.000259817
227.63 63.7135 -4.82798e-005
34.882 161.104 3.84748e-005
57.4838 150.816 -0.000396073
83.3507 143.036 -8.18074e-005
128.72 124.112 -0.000629961
182.846 107.205 0.000409395
204.246 97.344 -6.01113e-005
230.631 88.859 0.000267327
33.8832 184.494 -0.000402123
59.8065 176.656 1.04308e-005
85.7032 168.772 0.000395209
107.576 158.414 -0.000242859
180.845 131.214 -5.18858e-005
207.119 122.462 0.000245869
229.348 112.738 -7.13766e-005
36.1779 210.483 -2.44677e-005
59.576 200.421 -0.000274509
85.2291 192.495 -4.11868e-005
108.953 183.111 -4.67002e-005
130.869 173.571 -0.00054875
159.527 165.31 0.000293016
183.337 156.086 0.000193268
205.875 146.591 -7.68006e-005
230.008 137.379 -0.000113904
35.9056 234.038 -0.000332266
62.5505 226.763 0.000139594
85.4459 216.829 -8.27014e-005
110.387 208.118 2.38419e-006
134.135 198.691 -6.40154e-005
159.616 189.908 0.000133961
182.706 180.513 -4.06504e-005
206.761 171.176 -9.72748e-005
230.966 162.199 -8.14795e-005
126.607 43.9013 -2.91467e-005
164.396 34.9287 -1.49831e-005
202.99 25.8728 3.94285e-005
241.499 16.9196 0.00010293
279.192 8.0952 0.000115782
316.535 -0.83728 0.000124775
353.258 -9.61711 0.00011453
390.88 -18.2083 0.00014399
427.738 -26.8805 0.000153542
141.154 72.5871 -2.80589e-005
179.671 63.7328 4.85554e-005
217.543 54.7335 5.7511e-005
255.479 45.7369 7.56532e-005
292.922 36.863 9.04799e-005
330.292 27.9572 0.000118047
366.472 19.1861 7.21067e-005
403.881 10.502 0.000105277
439.743 1.74316 6.3777e-005
156.414 101.518 2.82228e-005
193.805 92.452 1.84476e-005
232.706 83.5411 9.96441e-005
270.72 74.1505 0.000162229
306.317 65.4898 6.85006e-005
343.47 56.9196 7.32541e-005
379.257 47.8585 1.8172e-005
415.187 39.0262 -1.90735e-005
451.232 30.2984 -4.31538e-005
170.975 130.061 2.22996e-005
208.148 121.07 1.74791e-005
246.054 112.067 4.93228e-005
284.647 102.962 0.000141323
318.837 94.062 -4.38094e-005
355.52 85.1788 -3.62098e-005
390.991 76.2467 -0.000101015
426.397 67.4659 -0.00014665
184.585 158.408 -4.13582e-005
222.282 149.495 -3.8892e-006
259.241 140.275 -7.10785e-006
297.22 131.391 3.71039e-005
330.172 122.444 -0.000202686
366.568 113.323 -0.00019782
403.038 104.551 -0.000183076
198.786 186.448 -6.05434e-005
235.942 177.473 -5.2467e-005
271.372 168.382 -0.000140928
308.122 159.34 -0.000139371
378.57 141.398 -0.000293553
413.658 132.463 -0.000357449
46.6428 48.4663 -0.000586331
55.5571 45.3148 -0.000193134
64.6274 41.9175 -6.79046e-005
73.6531 38.5228 8.42959e-005
82.5991 35.5448 0.00023222
91.6194 32.6311 0.00025183
100.613 29.7778 0.000169635
109.552 27.0505 9.23276e-005
118.511 24.2861 -0.000111133
47.1419 79.5893 -0.00045532
56.0227 76.0959 -9.43244e-005
65.1033 72.7458 2.31862e-005
74.1609 69.5426 6.96629e-005
83.0531 66.4884 0.000300333
92.1525 63.1845 0.000189602
101.138 60.2689 0.000129312
110.063 57.3725 5.20051e-005
119.077 54.6346 -0.000231206
47.5038 110.736 -0.000276744
56.5047 107.049 -4.3124e-005
65.6782 103.494 1.06394e-005
74.5821 100.406 0.000205174
83.6517 96.9639 0.000207484
92.7021 93.5905 0.000158265
101.702 90.7421 4.96656e-005
110.681 87.7386 -0.000129133
47.9775 141.919 -0.000319958
57.0166 137.935 -6.69062e-006
65.7406 133.976 0.000457361
75.2175 130.958 0.000159979
84.2131 127.598 0.000197351
93.1911 124.204 0.000210375
102.236 121.051 3.32147e-005
111.262 117.983 -0.000242174
48.4961 172.438 -0.00015898
57.4682 168.748 8.80063e-005
66.5011 165.012 0.000269532
84.8047 158.029 0.000194311
93.8209 154.606 0.00010483
102.817 151.312 -7.37756e-005
111.857 148.06 -0.00038527
48.9602 203.257 -8.35806e-005
58.0292 199.387 0.000127167
67.0506 195.556 0.000312895
76.0576 191.887 0.000400484
94.5309 184.807 -8.45641e-005
103.519 181.292 -0.000243738
112.494 177.917 -0.000536323
59.9291 57.8361 3.17991e-005
88.1403 51.5479 9.28044e-005
116.324 45.107 0.000161186
144.901 38.8678 0.000182852
173.56 32.5764 9.49055e-005
202.44 25.8965 1.2055e-005
231.259 19.709 -7.3716e-005
260.278 13.2186 -0.000250474
56.2802 78.1026 -3.04729e-005
84.3702 71.8969 0.000101969
112.573 65.5756 0.000138417
141.087 59.3364 0.000181779
169.66 53.0292 6.93053e-005
198.514 46.6972 7.8395e-005
227.217 40.3221 -6.25849e-005
256.096 34.1244 -0.000145838
285.102 27.659 -0.000293955
52.3672 98.1232 -0.000157997
80.5414 92.0397 3.78191e-005
108.744 85.8959 0.000124708
137.294 79.7416 0.000165612
165.703 73.6057 6.62953e-005
194.408 67.1722 4.21852e-005
223.165 60.9566 3.47942e-005
252.035 54.7076 -8.82447e-005
48.6729 118.221 -0.000299394
76.7204 112.266 -6.7994e-005
104.928 106.201 6.62655e-005
161.755 93.9302 1.92374e-005
190.399 87.6814 9.78261e-005
219.065 81.4197 -9.47714e-006
248.049 75.3211 -2.35438e-005
276.894 68.9181 -0.000160798
72.9624 132.235 -0.000214234
101.282 126.345 0.000135675
129.131 120.299 -9.66638e-005
157.727 114.22 8.47131e-005
186.235 108.129 0.000137225
214.993 102.001 0.000105157
243.771 95.8087 2.07722e-005
272.658 89.6028 -5.10961e-005
69.3146 152.013 -0.000290766
125.375 140.284 -7.91401e-005
153.716 134.352 2.02358e-005
182.145 128.291 8.99285e-005
210.772 122.244 9.25064e-005
239.525 116.065 1.4469e-005
268.545 110.01 8.9556e-006
160.38 107.913 -4.78774e-005
186.952 98.7784 6.52671e-006
213.649 89.5378 -8.77231e-005
240.341 80.4249 -8.22842e-005
267.049 71.2275 -0.0001048
293.741 62.0765 -9.66638e-005
130.443 139.576 -2.92957e-005
156.851 130.433 2.82973e-005
183.337 121.223 -3.21418e-005
210.018 112.16 -6.70552e-006
236.599 103.009 -2.76268e-005
263.346 94.084 7.75009e-005
290.083 84.7554 2.98321e-005
74.4286 179.972 -2.51234e-005
100.551 170.949 5.79655e-006
126.822 161.782 -2.00719e-005
153.289 152.802 1.60784e-005
179.844 143.739 4.60148e-005
206.477 134.459 -1.44392e-005
232.692 125.44 1.56611e-005
259.489 116.447 4.78178e-005
286.162 107.267 3.3468e-005
70.8967 201.914 -0.000176772
97.1035 193.029 -2.41399e-005
123.348 184.029 2.3663e-005
149.728 175.18 5.75632e-005
176.254 165.953 3.40492e-005
203.104 156.97 0.000241369
229.28 147.845 4.71175e-005
255.872 138.76 7.66069e-005
282.301 129.685 5.58048e-005
67.4612 224.086 -0.000130847
93.5672 215.161 -8.8498e-005
119.819 206.154 -3.94881e-005
146.132 197.326 8.73059e-005
172.792 188.378 0.000178888
225.461 170.113 5.91725e-005
251.957 161.114 0.000107035
278.53 152.145 0.000130191
64.2922 245.854 -0.000207976
90.3179 237.023 -0.000107512
116.399 228.248 -1.1012e-005
142.845 219.331 7.65026e-005
169.35 210.399 0.000176698
195.079 201.443 -7.01249e-005
221.748 192.403 0.000112742
248.071 183.3 6.31362e-005
274.379 174.288 4.46886e-005
56.1115 96.6519 -4.8086e-005
81.6425 86.7514 -7.71731e-005
105.014 77.3627 -0.00059475
132.736 67.1925 -6.40899e-005
158.762 57.4825 2.26051e-005
183.994 47.8373 5.96046e-008
57.8947 123.921 7.15703e-005
83.5436 113.983 5.07087e-005
108.733 104.246 -4.93973e-005
134.563 94.0699 2.5019e-005
159.688 84.4935 1.5974e-005
185.33 74.8714 4.25726e-005
210.668 65.1774 4.44353e-005
59.4963 150.7 0.000100628
84.9815 140.723 7.63685e-005
110.214 130.755 9.19402e-006
136.021 121.235 9.93162e-005
160.832 111.438 1.09971e-005
186.286 101.457 5.05149e-006
211.294 91.9496 -1.91182e-005
236.612 82.1854 -1.29789e-005
35.3118 187.247 9.59188e-005
60.9316 177.472 0.000130221
86.2463 167.415 8.46237e-005
112.09 157.603 0.000136361
136.888 147.764 2.43038e-005
161.979 137.863 -2.40952e-005
187.224 128.368 9.52184e-006
212.232 118.552 -2.31415e-005
237.392 108.915 -3.62843e-005
36.9968 213.804 0.000114575
62.1775 203.712 5.88447e-005
87.6331 194.194 0.000112817
113.317 184.022 0.000138357
138.064 174.473 1.59591e-005
163.349 164.753 2.52277e-005
188.19 154.87 5.23031e-006
213.243 145.289 -2.96533e-005
237.356 135.427 -0.00017041
38.6423 239.977 9.85563e-005
64.1498 230.45 0.000177756
88.8166 220.508 6.26147e-005
114.532 210.736 0.000124782
139.198 201.119 9.34303e-006
164.184 191.177 -2.61813e-005
188.932 181.369 -8.64118e-005
213.863 171.74 -0.000110149
238.5 162.052 -0.000148013
133.36 85.0003 4.85033e-006
169.292 68.7057 -8.93325e-006
204.343 52.1716 -4.82053e-005
239.874 36.11 -7.08178e-005
276.194 19.9294 -4.60148e-005
311.998 3.66895 -6.18771e-005
348.216 -12.5074 -4.66555e-005
147.743 110.268 1.32024e-005
186.263 93.9718 0.000120342
220.112 77.6669 2.4654e-005
256.61 61.5895 5.4948e-005
290.909 45.3039 -1.23084e-005
328.869 29.0085 6.81132e-005
363.654 13.1422 2.79099e-005
162.557 135.519 5.36144e-005
197.962 119.337 2.01985e-005
233.735 103.094 1.70991e-005
270.092 86.8419 3.62545e-005
307.13 70.5331 8.25226e-005
341.824 54.4465 2.86624e-005
378.476 38.5014 7.25985e-005
412.816 22.215 1.01849e-005
175.971 160.758 8.26269e-006
211.135 144.57 -1.42008e-005
247.117 128.45 -1.432e-005
284.334 112.107 4.67375e-005
319.771 95.9631 2.6606e-005
355.643 79.8286 3.15905e-005
390.835 63.7306 1.46255e-005
427.055 47.5217 1.83582e-005
461.917 31.3603 -2.70829e-005
189.669 186.404 -1.62572e-005
224.969 170.014 -2.48104e-005
261.993 153.806 2.91243e-005
296.717 137.55 -1.92896e-005
333.685 121.405 3.14862e-005
368.329 105.225 -8.56817e-006
404.819 88.9466 2.08244e-005
439.407 72.7999 -4.5076e-005
475.292 56.5483 -5.17145e-005
238.521 195.223 -4.48078e-005
273.29 179.166 -7.38874e-005
310.014 162.907 -4.59105e-005
346.038 146.819 -2.77907e-005
383.208 130.515 3.76701e-005
418.089 114.297 1.15484e-006
454.301 98.1633 7.15256e-006
488.289 81.8016 -8.01384e-005
65.7476 58.0383 -0.000214398
74.2215 48.2712 -0.000250846
82.7001 38.2112 -0.00012511
91.1433 28.5859 4.70281e-005
107.998 9.34039 -3.89516e-005
57.7908 98.3099 -0.000151753
66.4112 87.9633 -5.85318e-005
74.8799 78.2147 1.74344e-005
83.3619 68.2264 0.000137985
91.831 58.5483 5.27501e-005
100.185 49.2274 0.000121921
108.625 39.4231 9.97186e-005
49.9715 138.656 -0.000270754
58.4479 128.281 0.000121385
67.0656 118.225 -1.87159e-005
75.516 108.271 0.000246584
84.0269 98.4453 0.000166833
92.4777 88.7004 0.000260562
100.876 79.3268 0.000124037
109.29 69.7315 0.000120044
117.71 60.0047 0.000115991
50.6823 168.468 -3.76701e-005
59.2215 158.329 7.93934e-005
67.7962 148.376 6.90222e-005
76.2931 138.522 0.000110418
84.7791 128.79 5.14984e-005
93.2152 118.843 0.000139803
101.592 109.44 8.04961e-005
110.034 99.8083 -2.37823e-005
118.407 90.3392 -0.000125468
51.4348 198.732 -7.00951e-005
59.9854 188.727 -3.12328e-005
68.4604 178.563 0.000180423
77.0644 168.722 1.01328e-005
85.4798 158.96 9.89735e-005
93.9496 149.287 9.45926e-005
102.339 139.521 -4.44651e-005
110.705 130.015 -3.91006e-005
119.138 120.318 -0.000292391
52.1148 229.024 9.59635e-006
60.7302 219.107 -1.75834e-006
69.2176 209.171 0.000100732
77.7576 199.063 7.53999e-005
86.2755 189.297 -0.000101328
94.6814 179.647 -3.91603e-005
103.002 170.021 -3.36468e-005
111.458 160.041 -0.000181079
119.824 150.554 -0.000246942
53.4097 88.5081 -0.000230551
67.0964 89.8273 -9.53674e-006
80.8661 91.3398 0.000181347
94.6755 93.0582 0.000307977
108.597 94.8033 0.000136584
122.367 96.5606 0.000205278
136.243 98.2715 -7.76649e-005
51.9025 115.34 -0.000550449
65.3149 116.36 -4.72069e-005
79.1466 117.86 0.000115663
92.8214 119.05 0.000338286
106.729 120.853 0.000204951
120.539 122.498 0.000166357
134.434 124.4 9.60529e-005
148.3 126.151 -0.000240624
63.8108 143.338 -0.000404656
77.4489 144.51 8.34465e-007
91.1001 145.843 0.00030759
104.984 147.186 0.000228494
118.773 148.627 0.000413328
132.648 150.411 0.00017485
146.454 151.954 3.34382e-005
160.364 153.891 -0.000256777
75.8008 171.611 -0.00019592
89.4582 172.579 7.78139e-005
103.26 173.864 0.000228018
117.027 175.154 0.000322551
130.837 176.628 0.000362486
144.674 178.182 0.000150412
158.523 179.945 -1.27256e-005
172.465 181.665 -0.000389308
74.2913 199.032 -0.000632733
87.8069 199.647 -0.000136197
101.537 200.764 0.000102431
115.223 201.75 0.000308812
129.121 203.098 0.000268817
142.9 204.424 0.000351846
156.81 205.979 0.000169277
170.698 207.667 -0.000138164
184.558 209.544 -0.000417054
100.014 228.1 -0.000148475
113.593 228.809 0.000169098
127.424 230.065 0.000347078
141.229 231.217 0.000387162
155.099 232.532 0.000326723
168.894 233.933 0.000203252
182.811 235.599 -7.4923e-005
196.691 237.418 -0.000512898
124.343 94.6683 -0.000141382
151.773 77.3511 -0.000106975
178.925 60.334 -8.67844e-005
206.475 43.1947 -5.99325e-005
233.179 26.246 -0.000108138
73.9933 150.822 -0.000117302
101.772 133.78 4.26173e-006
128.74 116.692 -1.2517e-006
156.075 99.6013 3.67314e-005
183.47 82.6605 5.98133e-005
209.589 65.6708 -5.04851e-005
236.766 48.8839 -3.24845e-005
22.9177 207.106 -0.000193432
51.146 189.955 -3.54648e-006
78.7057 172.928 8.33869e-005
105.838 156.134 0.000126645
132.92 139.122 0.00012885
159.843 122.229 9.97633e-005
187.312 105.101 0.00012359
213.132 88.3751 5.27501e-006
240.807 71.4348 5.97686e-005
27.7302 229.064 -4.91738e-006
54.7421 212.245 5.02765e-005
81.7638 195.342 5.88596e-005
109.114 178.496 0.000113636
136.55 161.582 0.000149503
163.47 144.754 0.000140816
190.207 127.875 0.000106648
216.838 110.996 7.53999e-005
243.749 94.1441 4.1604e-005
30.8939 251.558 -2.17706e-005
57.8059 234.741 1.33663e-005
84.8372 217.933 3.82066e-005
111.966 201.087 4.24832e-005
138.931 184.115 4.71622e-005
165.974 167.423 5.3823e-005
193.015 150.414 5.84275e-005
219.509 133.701 1.06245e-005
246.497 116.769 -3.85493e-005
33.2458 274.232 -0.000124693
60.646 257.53 -4.06504e-005
87.3619 240.632 -7.56681e-005
114.583 223.818 -2.3067e-005
141.546 206.91 -1.96099e-005
168.514 190.098 -2.18898e-005
195.313 173.282 -4.00692e-005
222.244 156.447 -7.02441e-005
248.916 139.512 -0.000111163
-20.4187 -101.694 -0.000163943
34.5244 -88.7293 -0.000111893
89.1682 -75.924 -6.19516e-005
143.771 -62.8706 -2.06679e-005
198.341 -49.9421 2.99662e-005
252.58 -37.1252 6.72191e-005
306.56 -24.1788 8.84235e-005
361.228 -11.3541 0.000152767
414.38 1.47498 0.000178635
-3.35321 -73.3206 -9.47863e-005
52.0261 -60.4973 -1.18464e-005
106.6 -47.3315 3.84152e-005
160.764 -34.533 4.23938e-005
214.663 -21.6559 6.63102e-005
268.552 -8.89163 9.68352e-005
322.133 4.08133 9.08002e-005
429.623 29.3505 0.000191286
14.0174 -45.0583 -2.88337e-005
68.6183 -32.1051 -2.94298e-006
123.044 -19.3093 3.99947e-005
176.675 -6.47827 4.41968e-005
230.662 6.35019 8.55401e-005
283.336 19.1309 3.72529e-005
336.816 31.9829 4.43682e-005
388.937 45.0859 -3.25441e-005
31.0084 -16.6561 2.18153e-005
84.8551 -3.96021 1.47596e-005
139.325 8.90952 5.22137e-005
193.175 21.5437 7.88867e-005
245.878 34.3711 3.24547e-005
298.78 47.1383 2.24486e-005
351.12 59.9012 -2.9251e-005
402.908 72.6146 -0.000100218
47.827 11.5573 2.12044e-005
101.586 24.1322 3.20897e-005
155.134 36.813 4.57838e-005
207.864 49.5324 -5.84126e-006
260.882 62.2356 -9.40263e-006
313.145 74.8724 -5.83977e-005
365.681 87.4494 -7.54893e-005
417.402 100.15 -0.000143379
64.6759 39.5227 5.40018e-005
117.633 52.0467 2.78354e-005
170.576 64.8245 -2.10702e-005
223.627 77.4506 -3.05474e-005
276.123 89.908 -5.97835e-005
327.923 102.514 -0.000124305
379.443 114.98 -0.000173725
161.129 -68.8525 0.000101537
181.01 -66.8234 6.65635e-005
200.894 -64.8714 0.000131294
220.835 -62.9727 5.88149e-005
240.761 -60.8001 6.19888e-006
260.628 -58.4967 -8.07345e-005
280.707 -56.1361 -0.000198379
300.817 -53.8413 -0.000422016
147.955 -37.8606 5.16921e-005
167.758 -35.9159 0.000109583
187.664 -33.7941 7.33137e-005
207.566 -31.6411 0.0001425
227.371 -29.6044 4.48376e-005
247.319 -27.3733 4.749e-005
267.301 -24.9362 -5.5775e-005
287.447 -22.5492 -0.000211656
134.711 -6.95804 -3.08752e-005
154.497 -5.00049 9.93609e-005
174.351 -2.80243 0.000122517
194.043 -0.68634 0.000138402
213.893 1.34155 0.000115097
233.896 3.80966 6.27041e-005
254.019 6.23148 0.000104427
274.277 8.60864 5.65797e-005
121.53 23.8327 -0.00020662
141.254 25.9229 -4.49568e-005
160.964 27.9956 1.28448e-005
180.744 30.1031 0.000103101
200.558 32.641 0.000124723
220.574 34.7563 0.000144333
240.532 37.38 0.000110239
261.124 39.3326 0.00017941
279.921 42.9089 -0.000389665
128.028 56.5393 -0.00021857
147.745 58.5759 -4.58509e-005
167.53 61.0765 6.24657e-005
187.305 63.3384 0.000150144
207.103 65.8516 0.000139892
227.222 68.3149 0.00020586
248.107 70.3516 0.000484377
266.677 73.4869 -0.000257611
114.936 87.1309 -0.000280038
134.478 89.3658 -0.000152662
154.159 91.6738 -6.23018e-005
173.94 93.9519 3.39746e-006
193.733 96.5573 5.42104e-005
213.813 99.0595 0.000148356
253.444 104.327 -8.25226e-005
186.445 -56.7032 0.00011301
204.656 -51.6719 0.000109285
222.822 -46.6219 4.51803e-005
241.151 -41.4274 4.63426e-005
259.401 -36.1585 2.32607e-005
277.529 -30.9279 -8.84533e-005
295.713 -25.418 -0.000246093
161.581 -32.8861 0.000103354
179.841 -27.5848 0.000140399
197.94 -22.6422 2.37525e-005
216.294 -17.4531 0.000113994
234.507 -12.3051 6.84112e-005
252.744 -7.14148 7.64728e-005
270.98 -1.84845 4.59701e-005
289.35 3.37369 2.06083e-005
307.335 8.96695 -0.000175387
155.043 -3.91168 4.89056e-005
173.246 1.26547 8.51303e-005
191.609 6.58917 0.000157088
209.575 11.6037 9.94802e-005
227.771 16.6863 5.75781e-005
245.941 21.8573 0.000105113
264.457 27.1298 0.00015533
282.809 32.2367 0.000138551
148.396 25.1243 -4.15742e-005
166.727 30.2169 6.98864e-005
184.934 35.3199 8.50707e-005
202.905 40.479 1.42157e-005
221.06 45.6409 5.6088e-005
239.298 50.6671 9.19402e-005
257.591 56.0364 0.0001342
276.131 61.0718 0.000215918
141.907 54.0201 -4.71175e-005
159.977 59.0703 -6.50883e-005
178.054 64.1006 -6.82771e-005
196.284 69.1692 -1.7643e-005
214.429 74.399 3.18438e-005
232.569 79.6937 4.74006e-005
250.811 84.7257 7.07656e-005
269.374 89.87 0.000228554
135.24 82.6146 -0.000190079
153.333 87.6952 -0.000147715
171.491 92.83 -0.000122577
189.64 97.9194 -0.000122279
207.614 103.128 -8.58903e-005
225.859 108.341 -4.30048e-005
243.983 113.444 1.10567e-005
262.626 118.628 0.00014627
-5.33441 -69.9077 -0.000110015
22.0853 -60.4911 -9.36389e-005
49.1824 -51.1025 -0.000112936
76.5285 -41.7515 -9.72897e-005
103.707 -32.4327 -0.000135675
130.922 -22.9062 -0.000200555
-2.37021 -41.2451 1.96397e-005
24.9977 -31.9933 -1.08778e-005
52.2726 -22.6801 8.74698e-006
79.3805 -13.4276 -1.41412e-005
106.709 -4.09686 2.05636e-006
134.035 5.08118 1.68085e-005
161.533 14.2747 8.52793e-005
0.530426 -12.9977 1.21295e-005
27.8853 -3.62817 5.55366e-005
54.9796 5.59299 4.07547e-005
82.1524 14.8924 3.56883e-005
109.412 24.2088 7.79182e-005
136.632 33.4986 8.47429e-005
164.584 42.506 0.000247136
189.831 52.7084 -0.000245273
217.717 61.5245 -2.57641e-005
3.4368 15.3334 5.4732e-005
30.694 24.552 7.13617e-005
57.8573 33.7891 8.49366e-005
84.6363 43.05 4.22448e-005
111.929 52.2175 5.50002e-005
139.217 61.6573 0.000117466
166.747 70.7396 0.000202551
219.406 89.6749 -0.000152454
6.09659 43.6583 6.73681e-005
33.4082 52.8765 9.16868e-005
60.2982 62.0417 8.1107e-005
87.3931 71.2269 7.62492e-005
114.429 80.4675 7.45207e-005
141.546 89.7504 0.000101402
168.956 98.8452 0.000170782
196.505 107.75 0.000340328
221.049 117.733 -0.000252262
8.86792 71.7705 6.31958e-005
36.2418 80.9681 0.000124857
63.0215 90.144 6.10501e-005
89.8538 99.3507 3.0145e-005
116.57 108.512 -5.94556e-006
143.577 117.733 -1.14143e-005
170.791 126.943 3.2559e-005
197.921 135.875 9.89288e-005
221.936 145.817 -0.000574186
137.384 72.5167 -5.28097e-005
170.913 61.9622 -2.53543e-005
203.426 51.3656 -2.84836e-005
235.796 41.0141 -5.088e-005
268.198 30.5184 -5.12078e-005
301.19 20.0938 -3.37064e-005
333.743 9.6554 -2.82526e-005
366.242 -0.680603 -3.78862e-005
398.739 -11.1729 -3.77819e-005
153.437 100.623 4.372e-005
186.457 89.7647 6.38142e-005
218.638 79.4266 3.86611e-005
250.957 68.9946 3.08082e-005
283.039 58.5633 1.01551e-005
316.345 48.0768 6.72564e-005
348.354 37.9539 4.31687e-005
380.622 27.3943 3.39076e-005
412.378 17.0549 6.65337e-006
168.716 128.247 0.000101306
200.841 117.946 7.41556e-005
233.069 107.407 6.81505e-005
265.376 96.9144 6.6258e-005
297.988 86.4077 9.30503e-005
329.313 76.1432 3.79831e-005
361.576 65.8489 4.30569e-005
393.471 55.4618 2.33576e-005
425.459 45.197 1.92896e-005
182.694 155.906 7.58618e-005
214.616 145.67 6.40303e-005
246.679 135.318 5.46351e-005
279.073 124.708 7.64802e-005
310.43 114.422 3.31923e-005
342.161 104.097 2.02507e-005
373.791 93.8551 -1.44541e-006
405.67 83.575 -1.54227e-006
437.177 73.3454 -2.51904e-005
195.521 183.848 -5.68479e-006
227.853 173.21 1.93939e-005
259.837 162.813 2.27615e-005
290.704 152.552 -3.64557e-005
322.452 142.195 -3.63886e-005
354.343 132.011 -4.2893e-005
386.66 121.694 -8.20309e-006
240.627 200.517 -2.75448e-005
271.298 190.548 -0.000106946
302.627 180.266 -0.000120275
334.005 169.96 -0.000139125
365.721 159.598 -0.000131264
43.602 49.0495 -0.000556767
52.2896 47.928 -0.000319332
60.9919 47.1937 -0.000196949
78.2959 45.9089 3.29167e-005
86.9754 45.5029 8.68589e-005
95.6018 45.1061 0.000104651
104.206 44.6971 0.000123039
112.718 44.6284 7.14809e-005
44.0437 78.7836 -0.000230387
52.8515 77.5578 -8.75592e-005
61.6805 76.7249 -8.14199e-005
70.2791 76.3587 3.56734e-005
78.8767 75.7435 0.000167653
87.5424 75.2759 0.000193089
96.2262 74.8975 0.000119016
104.77 74.5407 0.000102207
113.37 74.4682 -2.61664e-005
44.728 108.236 -7.43866e-005
53.396 107.477 0.000105441
62.1974 106.712 0.000134408
70.9213 105.931 0.000176176
79.5672 105.458 0.000189364
88.1534 105.126 0.000189155
96.8482 104.801 7.4029e-005
105.44 104.51 -1.07139e-005
45.2401 137.671 0.000180677
54.1478 137.112 0.000184432
62.8679 136.51 0.000187829
71.6269 135.859 0.00011754
80.3407 135.231 0.000106022
88.9071 134.712 0.000119746
97.5551 134.463 -2.19494e-005
106.112 134.375 -0.000148192
46.2093 167.746 3.54648e-005
54.9905 166.897 7.93338e-005
63.6362 165.934 0.000182927
72.4042 165.403 0.000103056
81.0331 164.895 8.9705e-005
89.7039 164.503 -2.71946e-005
98.2858 164.19 -0.000153825
106.884 163.964 -0.00034292
46.9352 197 0.000134423
55.8834 196.585 -4.86821e-005
64.4614 195.78 0.000114918
73.1896 194.944 7.89762e-006
81.8846 194.523 -7.57277e-005
90.5587 194.147 -0.000251189
99.1483 193.875 -0.000429213
221.424 65.7288 -0.000190958
248.234 50.9162 -0.000220209
275.035 36.3714 -0.000235282
62.3362 171.783 0.000106536
88.4671 157.503 0.000146925
114.438 143.151 0.000159428
140.899 128.619 0.000179529
166.928 114.176 0.000119463
192.743 100.04 -5.08949e-005
219.475 85.3504 -7.41482e-005
245.823 70.9204 -9.88096e-005
272.153 56.4959 -0.00016585
59.9506 191.719 5.11259e-005
85.8253 177.351 7.59065e-005
111.829 163.021 9.18359e-005
138.026 148.689 7.85142e-005
163.865 134.513 3.88771e-005
190.718 119.83 0.000124566
217.023 105.517 8.67024e-005
243.181 91.1696 2.08616e-005
269.468 76.72 -3.97414e-005
57.138 211.615 -0.000122078
83.1623 197.242 2.10851e-005
109.363 182.882 6.36429e-005
135.433 168.838 0.000129819
161.876 154.136 0.000177398
188.305 139.945 0.000204585
214.207 125.557 0.000118464
240.527 111.168 8.5324e-005
266.788 96.8403 1.40369e-005
54.6751 231.424 -0.000159919
80.4421 217.21 -9.65297e-005
106.525 202.836 -1.37389e-005
132.624 188.591 4.56646e-005
158.933 174.119 0.000126079
185.114 159.874 0.000108168
211.387 145.538 0.000102237
237.649 131.162 5.46873e-005
263.692 116.816 2.42069e-005
51.8463 250.958 -0.000377178
77.7446 236.747 -0.000216931
103.984 222.435 -0.000102445
129.803 208.405 -5.70565e-005
156.159 194.073 3.59863e-005
182.147 179.737 5.81741e-005
208.532 165.47 9.05097e-005
234.686 151.204 4.52548e-005
260.866 136.927 -8.71718e-006
97.4271 68.4053 -0.000136316
120.922 55.4224 -6.92904e-005
144.359 42.7363 -4.75347e-005
167.25 30.2366 -7.80523e-005
190.558 17.7247 -7.17938e-005
213.13 5.32886 -0.000131667
76.8616 105.846 0.000110865
99.5646 93.5715 3.29912e-005
122.807 80.9297 2.73585e-005
145.511 68.3516 -8.24034e-006
168.904 55.9146 9.70066e-006
191.682 43.4567 -2.39015e-005
214.9 31.0039 -3.31104e-005
55.0354 143.935 4.49121e-005
77.7808 131.716 3.20524e-005
101.411 118.953 0.000104398
124.661 106.509 0.000130787
147.166 94.1232 6.16461e-005
170.162 81.52 6.67423e-005
193.051 69.1517 2.11298e-005
216.098 56.6866 4.37796e-005
33.3901 182.031 3.78639e-005
56.5449 169.532 7.14362e-005
78.2511 157.771 -0.000156075
102.607 144.444 0.000106931
125.703 132.014 0.000120699
148.4 119.594 9.02861e-005
171.289 107.107 6.12885e-005
194.344 94.6773 8.84384e-005
217.059 82.2829 5.29736e-005
34.6142 207.367 -2.19345e-005
57.5231 194.833 -1.99378e-005
81.1375 181.933 0.00014019
103.506 169.86 5.30481e-006
126.672 157.423 7.79778e-005
149.144 145.012 1.05798e-005
172.309 132.528 7.70092e-005
194.907 120.16 1.19507e-005
217.675 107.865 1.93715e-005
35.5533 232.459 -0.00015372
58.5793 219.949 -9.92119e-005
81.1663 207.743 -0.000120953
104.221 195.227 -7.56979e-005
127.297 182.824 -2.38866e-005
149.804 170.418 -5.07534e-005
172.982 158.119 3.41237e-006
195.592 145.707 -3.27975e-005
218.707 133.375 3.0905e-005
